Filename,Size,Unit
12528_NatashaLyn_JamesDeen049.jpg,394,K
12528_NatashaLyn_JamesDeen050.jpg,393.52,K
12528_NatashaLyn_JamesDeen048.jpg,371.13,K
12528_NatashaLyn_JamesDeen100.jpg,367.17,K
12528_NatashaLyn_JamesDeen136.jpg,355.15,K
12528_NatashaLyn_JamesDeen047.jpg,349.75,K
12528_NatashaLyn_JamesDeen130.jpg,346.84,K
12528_NatashaLyn_JamesDeen115.jpg,346.36,K
12528_NatashaLyn_JamesDeen012.jpg,340.06,K
12528_NatashaLyn_JamesDeen134.jpg,337.11,K
12528_NatashaLyn_JamesDeen141.jpg,336.93,K
12528_NatashaLyn_JamesDeen210.jpg,332.63,K
12528_NatashaLyn_JamesDeen114.jpg,331.11,K
12528_NatashaLyn_JamesDeen046.jpg,327.18,K
12528_NatashaLyn_JamesDeen014.jpg,326.41,K
12528_NatashaLyn_JamesDeen160.jpg,325,K
12528_NatashaLyn_JamesDeen137.jpg,324.29,K
12528_NatashaLyn_JamesDeen107.jpg,324.25,K
12528_NatashaLyn_JamesDeen001.jpg,323.6,K
12528_NatashaLyn_JamesDeen135.jpg,320.87,K
12528_NatashaLyn_JamesDeen031.jpg,317.21,K
12528_NatashaLyn_JamesDeen002.jpg,315.25,K
12528_NatashaLyn_JamesDeen138.jpg,313.68,K
12528_NatashaLyn_JamesDeen226.jpg,313.43,K
12528_NatashaLyn_JamesDeen058.jpg,313.28,K
12528_NatashaLyn_JamesDeen147.jpg,312.95,K
12528_NatashaLyn_JamesDeen140.jpg,311.78,K
12528_NatashaLyn_JamesDeen139.jpg,309.87,K
12528_NatashaLyn_JamesDeen017.jpg,309.59,K
12528_NatashaLyn_JamesDeen027.jpg,308.35,K
12528_NatashaLyn_JamesDeen059.jpg,307.71,K
12528_NatashaLyn_JamesDeen044.jpg,307.29,K
12528_NatashaLyn_JamesDeen103.jpg,306.74,K
12528_NatashaLyn_JamesDeen102.jpg,306.53,K
12528_NatashaLyn_JamesDeen159.jpg,306.33,K
12528_NatashaLyn_JamesDeen158.jpg,306.25,K
12528_NatashaLyn_JamesDeen196.jpg,304.64,K
12528_NatashaLyn_JamesDeen194.jpg,304.51,K
12528_NatashaLyn_JamesDeen019.jpg,303.27,K
12528_NatashaLyn_JamesDeen105.jpg,302.17,K
12528_NatashaLyn_JamesDeen204.jpg,302.03,K
12528_NatashaLyn_JamesDeen039.jpg,301.97,K
12528_NatashaLyn_JamesDeen128.jpg,301.39,K
12528_NatashaLyn_JamesDeen091.jpg,301.13,K
12528_NatashaLyn_JamesDeen124.jpg,301.1,K
12528_NatashaLyn_JamesDeen116.jpg,301.09,K
12528_NatashaLyn_JamesDeen219.jpg,300.91,K
12528_NatashaLyn_JamesDeen231.jpg,300.45,K
12528_NatashaLyn_JamesDeen190.jpg,300.39,K
12528_NatashaLyn_JamesDeen230.jpg,300.35,K
12528_NatashaLyn_JamesDeen016.jpg,298.79,K
12528_NatashaLyn_JamesDeen118.jpg,298.72,K
12528_NatashaLyn_JamesDeen069.jpg,297.86,K
12528_NatashaLyn_JamesDeen057.jpg,297.38,K
12528_NatashaLyn_JamesDeen151.jpg,296.32,K
12528_NatashaLyn_JamesDeen087.jpg,296.28,K
12528_NatashaLyn_JamesDeen040.jpg,295.29,K
12528_NatashaLyn_JamesDeen101.jpg,294.79,K
12528_NatashaLyn_JamesDeen029.jpg,294.6,K
12528_NatashaLyn_JamesDeen232.jpg,294.33,K
12528_NatashaLyn_JamesDeen037.jpg,294.2,K
12528_NatashaLyn_JamesDeen131.jpg,294.14,K
12528_NatashaLyn_JamesDeen213.jpg,293.89,K
12528_NatashaLyn_JamesDeen199.jpg,293.82,K
12528_NatashaLyn_JamesDeen225.jpg,293.55,K
12528_NatashaLyn_JamesDeen228.jpg,292.59,K
12528_NatashaLyn_JamesDeen182.jpg,291.68,K
12528_NatashaLyn_JamesDeen203.jpg,291.6,K
12528_NatashaLyn_JamesDeen216.jpg,291.41,K
12528_NatashaLyn_JamesDeen179.jpg,290.04,K
12528_NatashaLyn_JamesDeen061.jpg,289.85,K
12528_NatashaLyn_JamesDeen152.jpg,289.37,K
12528_NatashaLyn_JamesDeen249.jpg,288.76,K
12528_NatashaLyn_JamesDeen111.jpg,288.74,K
12528_NatashaLyn_JamesDeen211.jpg,288.44,K
12528_NatashaLyn_JamesDeen173.jpg,288.14,K
12528_NatashaLyn_JamesDeen181.jpg,287.92,K
12528_NatashaLyn_JamesDeen075.jpg,287.22,K
12528_NatashaLyn_JamesDeen089.jpg,286.71,K
12528_NatashaLyn_JamesDeen070.jpg,285.96,K
12528_NatashaLyn_JamesDeen143.jpg,285.45,K
12528_NatashaLyn_JamesDeen146.jpg,285.36,K
12528_NatashaLyn_JamesDeen036.jpg,284.12,K
12528_NatashaLyn_JamesDeen168.jpg,284.04,K
12528_NatashaLyn_JamesDeen034.jpg,283.75,K
12528_NatashaLyn_JamesDeen112.jpg,283.66,K
12528_NatashaLyn_JamesDeen165.jpg,283.44,K
12528_NatashaLyn_JamesDeen074.jpg,283.04,K
12528_NatashaLyn_JamesDeen198.jpg,282.93,K
12528_NatashaLyn_JamesDeen208.jpg,282.87,K
12528_NatashaLyn_JamesDeen191.jpg,282.45,K
12528_NatashaLyn_JamesDeen020.jpg,281.84,K
12528_NatashaLyn_JamesDeen123.jpg,281.39,K
12528_NatashaLyn_JamesDeen172.jpg,281.26,K
12528_NatashaLyn_JamesDeen122.jpg,280.43,K
12528_NatashaLyn_JamesDeen178.jpg,279.05,K
12528_NatashaLyn_JamesDeen288.jpg,278.63,K
12528_NatashaLyn_JamesDeen184.jpg,277.3,K
12528_NatashaLyn_JamesDeen088.jpg,276.18,K
12528_NatashaLyn_JamesDeen241.jpg,276.17,K
12528_NatashaLyn_JamesDeen062.jpg,276.1,K
12528_NatashaLyn_JamesDeen063.jpg,276,K
12528_NatashaLyn_JamesDeen217.jpg,275.82,K
12528_NatashaLyn_JamesDeen006.jpg,275.35,K
12528_NatashaLyn_JamesDeen084.jpg,275.18,K
12528_NatashaLyn_JamesDeen079.jpg,274.93,K
12528_NatashaLyn_JamesDeen273.jpg,274.85,K
12528_NatashaLyn_JamesDeen186.jpg,274.14,K
12528_NatashaLyn_JamesDeen042.jpg,273.93,K
12528_NatashaLyn_JamesDeen007.jpg,273.53,K
12528_NatashaLyn_JamesDeen080.jpg,273.52,K
12528_NatashaLyn_JamesDeen180.jpg,273.47,K
12528_NatashaLyn_JamesDeen072.jpg,273.14,K
12528_NatashaLyn_JamesDeen104.jpg,272.64,K
12528_NatashaLyn_JamesDeen117.jpg,272.53,K
12528_NatashaLyn_JamesDeen125.jpg,272.47,K
12528_NatashaLyn_JamesDeen077.jpg,272.11,K
12528_NatashaLyn_JamesDeen175.jpg,271.98,K
12528_NatashaLyn_JamesDeen119.jpg,271.67,K
12528_NatashaLyn_JamesDeen197.jpg,271.63,K
12528_NatashaLyn_JamesDeen008.jpg,270.66,K
12528_NatashaLyn_JamesDeen289.jpg,270.32,K
12528_NatashaLyn_JamesDeen240.jpg,269.36,K
12528_NatashaLyn_JamesDeen233.jpg,269.27,K
12528_NatashaLyn_JamesDeen043.jpg,269.27,K
12528_NatashaLyn_JamesDeen248.jpg,269.08,K
12528_NatashaLyn_JamesDeen015.jpg,268.85,K
12528_NatashaLyn_JamesDeen013.jpg,268.68,K
12528_NatashaLyn_JamesDeen033.jpg,268.52,K
12528_NatashaLyn_JamesDeen193.jpg,268.35,K
12528_NatashaLyn_JamesDeen166.jpg,268.19,K
12528_NatashaLyn_JamesDeen238.jpg,267.3,K
12528_NatashaLyn_JamesDeen073.jpg,266.34,K
12528_NatashaLyn_JamesDeen156.jpg,266.03,K
12528_NatashaLyn_JamesDeen237.jpg,265.97,K
12528_NatashaLyn_JamesDeen218.jpg,265.97,K
12528_NatashaLyn_JamesDeen189.jpg,265.93,K
12528_NatashaLyn_JamesDeen154.jpg,265.1,K
12528_NatashaLyn_JamesDeen192.jpg,264.63,K
12528_NatashaLyn_JamesDeen183.jpg,264.57,K
12528_NatashaLyn_JamesDeen155.jpg,264.27,K
12528_NatashaLyn_JamesDeen171.jpg,264.17,K
12528_NatashaLyn_JamesDeen301.jpg,264.14,K
12528_NatashaLyn_JamesDeen090.jpg,264.06,K
12528_NatashaLyn_JamesDeen287.jpg,263.99,K
12528_NatashaLyn_JamesDeen121.jpg,263.57,K
12528_NatashaLyn_JamesDeen081.jpg,262.76,K
12528_NatashaLyn_JamesDeen018.jpg,262.58,K
12528_NatashaLyn_JamesDeen239.jpg,261.87,K
12528_NatashaLyn_JamesDeen010.jpg,261.85,K
12528_NatashaLyn_JamesDeen142.jpg,261.69,K
12528_NatashaLyn_JamesDeen187.jpg,261.61,K
12528_NatashaLyn_JamesDeen242.jpg,261.51,K
12528_NatashaLyn_JamesDeen222.jpg,259.52,K
12528_NatashaLyn_JamesDeen032.jpg,258.96,K
12528_NatashaLyn_JamesDeen205.jpg,258.78,K
12528_NatashaLyn_JamesDeen120.jpg,258.69,K
12528_NatashaLyn_JamesDeen188.jpg,257.71,K
12528_NatashaLyn_JamesDeen108.jpg,257.61,K
12528_NatashaLyn_JamesDeen252.jpg,257.06,K
12528_NatashaLyn_JamesDeen026.jpg,257.06,K
12528_NatashaLyn_JamesDeen082.jpg,256.42,K
12528_NatashaLyn_JamesDeen170.jpg,255.9,K
12528_NatashaLyn_JamesDeen212.jpg,255.64,K
12528_NatashaLyn_JamesDeen253.jpg,255.44,K
12528_NatashaLyn_JamesDeen092.jpg,255.33,K
12528_NatashaLyn_JamesDeen144.jpg,255.25,K
12528_NatashaLyn_JamesDeen206.jpg,255.18,K
12528_NatashaLyn_JamesDeen011.jpg,254.83,K
12528_NatashaLyn_JamesDeen169.jpg,254.34,K
12528_NatashaLyn_JamesDeen161.jpg,253.04,K
12528_NatashaLyn_JamesDeen185.jpg,253.01,K
12528_NatashaLyn_JamesDeen300.jpg,252.88,K
12528_NatashaLyn_JamesDeen098.jpg,252.75,K
12528_NatashaLyn_JamesDeen195.jpg,252.6,K
12528_NatashaLyn_JamesDeen223.jpg,252.51,K
12528_NatashaLyn_JamesDeen153.jpg,251.94,K
12528_NatashaLyn_JamesDeen256.jpg,251.56,K
12528_NatashaLyn_JamesDeen176.jpg,250.95,K
12528_NatashaLyn_JamesDeen243.jpg,250.51,K
12528_NatashaLyn_JamesDeen150.jpg,250.44,K
12528_NatashaLyn_JamesDeen025.jpg,250.22,K
12528_NatashaLyn_JamesDeen214.jpg,249.69,K
12528_NatashaLyn_JamesDeen258.jpg,249.23,K
12528_NatashaLyn_JamesDeen162.jpg,249.22,K
12528_NatashaLyn_JamesDeen298.jpg,249.03,K
12528_NatashaLyn_JamesDeen202.jpg,248.29,K
12528_NatashaLyn_JamesDeen234.jpg,247.85,K
12528_NatashaLyn_JamesDeen221.jpg,247.71,K
12528_NatashaLyn_JamesDeen052.jpg,247.42,K
12528_NatashaLyn_JamesDeen262.jpg,247.25,K
12528_NatashaLyn_JamesDeen291.jpg,247.15,K
12528_NatashaLyn_JamesDeen282.jpg,247.13,K
12528_NatashaLyn_JamesDeen097.jpg,247.09,K
12528_NatashaLyn_JamesDeen286.jpg,246.31,K
12528_NatashaLyn_JamesDeen280.jpg,246.19,K
12528_NatashaLyn_JamesDeen283.jpg,245.97,K
12528_NatashaLyn_JamesDeen093.jpg,245.84,K
12528_NatashaLyn_JamesDeen201.jpg,245.18,K
12528_NatashaLyn_JamesDeen290.jpg,245.15,K
12528_NatashaLyn_JamesDeen003.jpg,244.96,K
12528_NatashaLyn_JamesDeen263.jpg,244.84,K
12528_NatashaLyn_JamesDeen174.jpg,244.82,K
12528_NatashaLyn_JamesDeen076.jpg,244.79,K
12528_NatashaLyn_JamesDeen095.jpg,244.25,K
12528_NatashaLyn_JamesDeen096.jpg,243.81,K
12528_NatashaLyn_JamesDeen167.jpg,243.78,K
12528_NatashaLyn_JamesDeen257.jpg,243.66,K
12528_NatashaLyn_JamesDeen267.jpg,243.11,K
12528_NatashaLyn_JamesDeen278.jpg,243.08,K
12528_NatashaLyn_JamesDeen277.jpg,242.49,K
12528_NatashaLyn_JamesDeen224.jpg,242.46,K
12528_NatashaLyn_JamesDeen297.jpg,242.26,K
12528_NatashaLyn_JamesDeen022.jpg,242.19,K
12528_NatashaLyn_JamesDeen270.jpg,240.44,K
12528_NatashaLyn_JamesDeen235.jpg,239.25,K
12528_NatashaLyn_JamesDeen265.jpg,239.12,K
12528_NatashaLyn_JamesDeen005.jpg,237.94,K
12528_NatashaLyn_JamesDeen065.jpg,237.29,K
12528_NatashaLyn_JamesDeen215.jpg,236.45,K
12528_NatashaLyn_JamesDeen264.jpg,235.27,K
12528_NatashaLyn_JamesDeen255.jpg,235.23,K
12528_NatashaLyn_JamesDeen251.jpg,233.58,K
12528_NatashaLyn_JamesDeen004.jpg,233.03,K
12528_NatashaLyn_JamesDeen244.jpg,232.67,K
12528_NatashaLyn_JamesDeen275.jpg,231.8,K
12528_NatashaLyn_JamesDeen207.jpg,231.11,K
12528_NatashaLyn_JamesDeen148.jpg,230.48,K
12528_NatashaLyn_JamesDeen067.jpg,230.48,K
12528_NatashaLyn_JamesDeen083.jpg,229.81,K
12528_NatashaLyn_JamesDeen268.jpg,229.79,K
12528_NatashaLyn_JamesDeen293.jpg,229.7,K
12528_NatashaLyn_JamesDeen106.jpg,229.6,K
12528_NatashaLyn_JamesDeen064.jpg,229.49,K
12528_NatashaLyn_JamesDeen220.jpg,229.29,K
12528_NatashaLyn_JamesDeen254.jpg,229.02,K
12528_NatashaLyn_JamesDeen260.jpg,228.17,K
12528_NatashaLyn_JamesDeen281.jpg,228.15,K
12528_NatashaLyn_JamesDeen068.jpg,227.86,K
12528_NatashaLyn_JamesDeen250.jpg,226.97,K
12528_NatashaLyn_JamesDeen274.jpg,226.72,K
12528_NatashaLyn_JamesDeen177.jpg,226.34,K
12528_NatashaLyn_JamesDeen041.jpg,225.52,K
12528_NatashaLyn_JamesDeen054.jpg,224.84,K
12528_NatashaLyn_JamesDeen071.jpg,223.84,K
12528_NatashaLyn_JamesDeen259.jpg,223.32,K
12528_NatashaLyn_JamesDeen294.jpg,222.74,K
12528_NatashaLyn_JamesDeen053.jpg,222.44,K
12528_NatashaLyn_JamesDeen271.jpg,219.97,K
12528_NatashaLyn_JamesDeen245.jpg,218.75,K
12528_NatashaLyn_JamesDeen296.jpg,218.66,K
12528_NatashaLyn_JamesDeen024.jpg,216.98,K
12528_NatashaLyn_JamesDeen295.jpg,216.39,K
12528_NatashaLyn_JamesDeen261.jpg,215.12,K
12528_NatashaLyn_JamesDeen276.jpg,211.83,K
12528_NatashaLyn_JamesDeen284.jpg,211.33,K
12528_NatashaLyn_JamesDeen247.jpg,208.8,K
12528_NatashaLyn_JamesDeen246.jpg,208.53,K
12528_NatashaLyn_JamesDeen066.jpg,208.41,K
12528_NatashaLyn_JamesDeen292.jpg,206.68,K
12528_NatashaLyn_JamesDeen085.jpg,205.25,K
12528_NatashaLyn_JamesDeen086.jpg,194.94,K
