Filename,Size,Unit
Drake feat Jamie Fox Fall For Your Type.mp3,4.16,M
