Title,Type,Files,Size,IMDB,Spoken Languages,Texted Languages,Tags,Quality (+),Quality (-),Uploaded,By,User Type,Seeders,Leechers,Info Hash,Picture,Capture Date
Ian Wilson - Krew i calun [Audiobook Pl] [mp3@32],102,30,174.37 MiB (182841517 Bytes),,Polish,,"""audiobooks polska""",0,0,2011-05-17T00:09:23Z,Zlotopolsky,[T],1,0,F512075C1A313AE159C52F728FE98836C2E51CE8,,2012-06-20T01:09:30Z
