Filename,Size,Unit
oddities.s01e05.mummified.hand.hdtv.xvid-momentum.avi,175.02,M
oddities.s01e05.mummified.hand.hdtv.xvid-momentum.nfo,261,B
Please Read This Guide Now.txt,493,B
www.Torrentday.com.txt,493,B
