Title,Type,Files,Size,IMDB,Spoken Languages,Texted Languages,Tags,Quality (+),Quality (-),Uploaded,By,User Type,Seeders,Leechers,Info Hash,Picture,Capture Date
"TrulyHogtied-------TH - Nov 20, 2011 - Lizzy London",506,89,197.45 MiB (207044342 Bytes),,,,,0,0,2011-11-23T20:21:56Z,merzedes,[V],3,0,63736EBA4785F7C099DF7B1A483A0B9AC905FC44,,2012-05-18T00:34:54Z
