Filename,Size,Unit
Sample/Retreat.2011.BRRip.XviD-playXD.sample.avi,8.43,M
Retreat.2011.BRRip.XviD-playXD.avi,690.07,M
Retreat.2011.BRRip.XviD-playXD.nfo,570,B
