Filename,Size,Unit
01-Grupo EnCanto _ PresentaciÃ³n - LibroSelva.mp3,2.79,M
02-Grupo EnCanto _ Comienza la FunciÃ³n - LibroSelva.mp3,8.72,M
03-Grupo EnCanto _ Nuevos Amigos - LibroSelva.mp3,8.87,M
04-Grupo EnCanto _ Primeros Problemas - LibroSelva.mp3,8.14,M
05-Grupo EnCanto _ Muchos Nervios - LibroSelva.mp3,13.16,M
06-Grupo EnCanto _ Intermedio - LibroSelva.mp3,3.39,M
07-Grupo EnCanto _ Debe Haber Techo - LibroSelva.mp3,8.79,M
08-Grupo EnCanto _ Un Arca y una Flor - LibroSelva.mp3,9.08,M
09-Grupo EnCanto _ _La Granja de Pepito! - LibroSelva.mp3,4.25,M
10-Grupo EnCanto _ Comienza LibroSelva - LibroSelva.mp3,17.25,M
11-Grupo EnCanto _ Recordando el Circo - LibroSelva.mp3,3.54,M
12-Grupo EnCanto _ Despedida - LibroSelva.mp3,4.79,M
