Title,Type,Files,Size,IMDB,Spoken Languages,Texted Languages,Tags,Quality (+),Quality (-),Uploaded,By,User Type,Seeders,Leechers,Info Hash,Picture,Capture Date
TIJANA_PAVICEVIC_SEMINAR,699,1,301.47 KiB (308705 Bytes),,,,,0,0,2010-12-09T17:47:09Z,Barbara_A,,0,0,88415421B8CE981C065AF0576B640DCD7CFBA70E,,2012-07-01T09:45:15Z
