Title,Type,Files,Size,IMDB,Spoken Languages,Texted Languages,Tags,Quality (+),Quality (-),Uploaded,By,User Type,Seeders,Leechers,Info Hash,Picture,Capture Date
Secret.Diary.Of.A.Call.Girl.S04E07.HDTV.XviD-BiA,205,5,184.2 MiB (193144910 Bytes),,,,,0,0,2011-03-16T00:06:16Z,TvTeam,[V],2,0,6617850C6EA3AF044536D84B84135C945879DAC0,,2012-06-25T22:30:52Z
