Title,Type,Files,Size,IMDB,Spoken Languages,Texted Languages,Tags,Quality (+),Quality (-),Uploaded,By,User Type,Seeders,Leechers,Info Hash,Picture,Capture Date
Red.Eye.71211.mp4,205,1,494.99 MiB (519031734 Bytes),,English,,,0,0,2011-07-13T01:33:46Z,jonny5tor,,0,0,065E6DD00C0D3153F96B4AEA437E00B9543306C3,,2012-06-16T18:25:10Z
