Filename,Size,Unit
bbc.wmv,414.7,M
