Filename,Size,Unit
exvid-swimsuit46.nfo,7.26,K
exvid-swimsuit46.r00,14.31,M
exvid-swimsuit46.r01,14.31,M
exvid-swimsuit46.r02,14.31,M
exvid-swimsuit46.r03,14.31,M
exvid-swimsuit46.r04,14.31,M
exvid-swimsuit46.r05,14.31,M
exvid-swimsuit46.r06,14.31,M
exvid-swimsuit46.r07,14.31,M
exvid-swimsuit46.r08,14.31,M
exvid-swimsuit46.r09,14.31,M
exvid-swimsuit46.r10,14.31,M
exvid-swimsuit46.r11,8.56,M
exvid-swimsuit46.rar,14.31,M
exvid-swimsuit46.sfv,403,B
Read this before playing this Video.txt,195,B
Sample/exvid-swimsuit46-sample.avi,22.35,M
Subs/exvid-swimsuit46-subs.rar,197.64,K
Subs/exvid-swimsuit46-subs.sfv,36,B
Torrent have been downloaded from Scenetime.com.txt,195,B
