Title,Type,Files,Size,IMDB,Spoken Languages,Texted Languages,Tags,Quality (+),Quality (-),Uploaded,By,User Type,Seeders,Leechers,Info Hash,Picture,Capture Date
Americas.Funniest.Home.Videos.S21E20.HDTV.XviD-FQM,205,22,350.41 MiB (367436563 Bytes),,,,,0,0,2011-04-04T06:59:10Z,sceneline,[V],0,0,2FA6792329264ABD9BC3298AA29BA7CA1BC2942A,,2012-06-24T15:19:54Z
