Title,Type,Files,Size,IMDB,Spoken Languages,Texted Languages,Tags,Quality (+),Quality (-),Uploaded,By,User Type,Seeders,Leechers,Info Hash,Picture,Capture Date
MonstersOfCock.11.11.15.Mr.Wesley.And.His.Bucket.Of.Pipes.XXX.72,506,4,675.97 MiB (708803241 Bytes),,,,,0,0,2011-11-16T12:57:32Z,Anonymous,,0,1,F1FE61A431841B22129235FB2AB8BD4A3D7D0193,,2012-05-18T11:13:11Z
