Filename,Size,Unit
Best Young Schoolgirls - HomeMade Threesome.avi,166.83,M
