Filename,Size,Unit
Top.Gear.S16E01.480p.HDTV.x264-BoB.mkv,205.53,M
Torrent downloaded from Demonoid.me.txt,46,B
