Filename,Size,Unit
Un4_n0tt3_d4_l30n1.avi,1.09,G
Un4_n0tt3_d4_l30n1.eng.srt,129.5,K
Un4_n0tt3_d4_l30n1.ita.srt,111.97,K
