Filename,Size,Unit
Craig.Ferguson.2011.03.11.Amanda.Peet.HDTV.XviD-FQM.avi,350.52,M
