Filename,Size,Unit
The.Office.S07E20- mp4- x264.mp4,69.6,M
