Filename,Size,Unit
x-art_francesca - auto_erotica-lrg.rar,41.21,M
