Filename,Size,Unit
DREAM_THEATER_CHAOS_IN_PROGRESS_DVD5_NTSC.ISO,4.2,G
Torrent downloaded from Demonoid.me.txt,46,B
