User Type,Username,Date,Text
,binyo66,2011-05-10T07:27Z,thx
,davish123,2011-05-16T20:13Z,For those wondering 'product key' is the name in the keygen app...confuddled me for a bit
,silhouettes,2011-09-14T13:51Z,works like a charm! does anyone know if it's updatable without breaking the serial?
