Title,Type,Files,Size,IMDB,Spoken Languages,Texted Languages,Tags,Quality (+),Quality (-),Uploaded,By,User Type,Seeders,Leechers,Info Hash,Picture,Capture Date
The.Soup.2011.11.30.480p.HDTV.x264-mSD,205,4,95.98 MiB (100647441 Bytes),,,,,0,0,2011-12-01T06:40:01Z,scenebalance,[V],0,1,D1F9FEE65B27161B9B90B84E41920E8ECB4B8D35,,2012-05-17T03:57:11Z
