Title,Type,Files,Size,IMDB,Spoken Languages,Texted Languages,Tags,Quality (+),Quality (-),Uploaded,By,User Type,Seeders,Leechers,Info Hash,Picture,Capture Date
"Ebook - Vermeer, Suzanne - Cruise - NL - By Pixarr",601,1,931.92 KiB (954290 Bytes),,,Dutch,,1,0,2011-08-25T15:51:51Z,Pixarr,[T],7,0,742F78F38BBC2D5E87752E6F78A047F67DA1CE3B,http://image.bayimg.com/aajmpaadl.jpg,2012-06-13T08:18:38Z
