Filename,Size,Unit
105 Cute Cats Wallpapers 1600 X 1200.rar,44.08,M
Torrent downloaded from Demonoid.me.txt,46,B
