Filename,Size,Unit
Zoe.Holloway.Zoe.Holloway.Squirts.And.Takes.It.In.The.Ass.2010.HD.720p.mp4,889.99,M
