Filename,Size,Unit
01 - Running Riot [Demo Version].mp3,3.25,M
02 - Chip on My Shoulder [Demo Version].mp3,1.9,M
03 - We Love You [Demo Version].mp3,3.77,M
04 - Sister Suzie [Demo Version].mp3,3.28,M
05 - Taken for a Ride [Demo Version].mp3,1.91,M
06 - Again and Again [Demo Version].mp3,2.52,M
07 - What's It Like to Be Old- [Demo Version].mp3,3,M
08 - England Belongs to Me.mp3,2.82,M
09 - Argy Bargy.mp3,2.4,M
10 - Working.mp3,2.56,M
11 - I've Got Your Number.mp3,2.6,M
12 - Watch Your Back.mp3,2.16,M
13 - Riot Squad [Live].mp3,2.65,M
14 - Where Are They Now [Live].mp3,2.63,M
15 - White Riot [Live].mp3,1.76,M
16 - The Sun Says.mp3,3.18,M
17 - Run With the Blind.mp3,3.09,M
18 - Price Too High to Pay.mp3,2.72,M
19 - Is Anybody There-.mp3,3.69,M
20 - Closedown.mp3,2.75,M
21 - Think Again.mp3,3.49,M
22 - Out on an Island.mp3,4.26,M
cover.jpg,96.89,K
