Filename,Size,Unit
Tamil village maid in Saree made to show her assets by her owner in house_1.3gp,6.76,M
