User Type,Username,Date,Text
,ap.3009,2011-07-20T19:16Z,Screen Shots ? 
,CuteShivi,2011-07-27T09:14Z,No screen shots - No comments for the quality ???
