Title,Type,Files,Size,IMDB,Spoken Languages,Texted Languages,Tags,Quality (+),Quality (-),Uploaded,By,User Type,Seeders,Leechers,Info Hash,Picture,Capture Date
Known.Universe.S03E08.End.of.the.World.HDTV.XviD-FQM,205,21,350.1 MiB (367107865 Bytes),,,,"""Known.Universe.S03E08.End.of.t""",0,0,2011-06-24T05:03:35Z,torrentzone,[V],1,0,4CCD5106C1A44BB4D20D69F913DBABBEFF9FAD19,,2012-06-18T02:59:04Z
