Filename,Size,Unit
The Nobody HC (2009) (Minutemen-DTs).cbr,100.95,M
