Filename,Size,Unit
sr-fnvhh.r20,47.68,M
sr-fnvhh.r00,47.68,M
sr-fnvhh.r01,47.68,M
sr-fnvhh.r02,47.68,M
sr-fnvhh.r03,47.68,M
sr-fnvhh.r04,47.68,M
sr-fnvhh.r05,47.68,M
sr-fnvhh.r06,47.68,M
sr-fnvhh.r07,47.68,M
sr-fnvhh.r08,47.68,M
sr-fnvhh.r09,47.68,M
sr-fnvhh.r10,47.68,M
sr-fnvhh.r11,47.68,M
sr-fnvhh.r12,47.68,M
sr-fnvhh.r13,47.68,M
sr-fnvhh.r14,47.68,M
sr-fnvhh.r15,47.68,M
sr-fnvhh.r16,47.68,M
sr-fnvhh.r17,47.68,M
sr-fnvhh.r18,47.68,M
sr-fnvhh.r19,47.68,M
sr-fnvhh.r30,47.68,M
sr-fnvhh.r21,47.68,M
sr-fnvhh.r22,47.68,M
sr-fnvhh.r23,47.68,M
sr-fnvhh.r24,47.68,M
sr-fnvhh.r25,47.68,M
sr-fnvhh.r26,47.68,M
sr-fnvhh.r27,47.68,M
sr-fnvhh.r28,47.68,M
sr-fnvhh.r29,47.68,M
sr-fnvhh.r35,47.68,M
sr-fnvhh.r31,47.68,M
sr-fnvhh.r32,47.68,M
sr-fnvhh.r33,47.68,M
sr-fnvhh.r34,47.68,M
sr-fnvhh.r36,47.68,M
sr-fnvhh.r37,47.68,M
sr-fnvhh.rar,47.68,M
sr-fnvhh.r38,33.19,M
skidrow.nfo,12.72,K
sr-fnvhh.sfv,920,B
