Filename,Size,Unit
Read this before playing this Video .txt,138,B
the.indestructibles.us.s01e01.repack.hdtv.xvid-diverge.part01.rar,14.31,M
the.indestructibles.us.s01e01.repack.hdtv.xvid-diverge.part02.rar,14.31,M
the.indestructibles.us.s01e01.repack.hdtv.xvid-diverge.part03.rar,14.31,M
the.indestructibles.us.s01e01.repack.hdtv.xvid-diverge.part04.rar,14.31,M
the.indestructibles.us.s01e01.repack.hdtv.xvid-diverge.part05.rar,14.31,M
the.indestructibles.us.s01e01.repack.hdtv.xvid-diverge.part06.rar,14.31,M
the.indestructibles.us.s01e01.repack.hdtv.xvid-diverge.part07.rar,14.31,M
the.indestructibles.us.s01e01.repack.hdtv.xvid-diverge.part08.rar,14.31,M
the.indestructibles.us.s01e01.repack.hdtv.xvid-diverge.part09.rar,14.31,M
the.indestructibles.us.s01e01.repack.hdtv.xvid-diverge.part10.rar,14.31,M
the.indestructibles.us.s01e01.repack.hdtv.xvid-diverge.part11.rar,14.31,M
the.indestructibles.us.s01e01.repack.hdtv.xvid-diverge.part12.rar,14.31,M
the.indestructibles.us.s01e01.repack.hdtv.xvid-diverge.part13.rar,2.63,M
the.indestructibles.us.s01e01.repack.hdtv.xvid-diverge.sfv,988,B
torrent downloaded from www.scenetime.com.txt,138,B
