Filename,Size,Unit
Jasmine(Big Black Beast 14).avi,311.73,M
