Filename,Size,Unit
Cars II [dvdrip][dual][span-ingl][www.lokotorrents.com].avi,1.66,G
