Filename,Size,Unit
MATURE HOUSEWIVES LOVE BLACK MAN.VOB,501.81,M
