Title,Type,Files,Size,IMDB,Spoken Languages,Texted Languages,Tags,Quality (+),Quality (-),Uploaded,By,User Type,Seeders,Leechers,Info Hash,Picture,Capture Date
SunriseKings.11.02.03.Gina.River.XXX.720p.MP4-SEXORS,501,4,346.54 MiB (363372728 Bytes),,,,"""xxx"",""teen"",""hot"",""horny"",""babes""",0,0,2011-05-20T11:42:53Z,hero0000,[T],0,1,9FBEF11302F7CEBFAF326F6ABD622C6857E20A5A,,2012-06-19T19:25:01Z
