Filename,Size,Unit
Sample/wk-limitless.vob,47.12,M
wk-limitless.nfo,8.51,K
wk-limitless.r00,47.68,M
wk-limitless.r01,47.68,M
wk-limitless.r02,47.68,M
wk-limitless.r03,47.68,M
wk-limitless.r04,47.68,M
wk-limitless.r05,47.68,M
wk-limitless.r06,47.68,M
wk-limitless.r07,47.68,M
wk-limitless.r08,47.68,M
wk-limitless.r09,47.68,M
wk-limitless.r10,47.68,M
wk-limitless.r11,47.68,M
wk-limitless.r12,47.68,M
wk-limitless.r13,47.68,M
wk-limitless.r14,47.68,M
wk-limitless.r15,47.68,M
wk-limitless.r16,47.68,M
wk-limitless.r17,47.68,M
wk-limitless.r18,47.68,M
wk-limitless.r19,47.68,M
wk-limitless.r20,47.68,M
wk-limitless.r21,47.68,M
wk-limitless.r22,47.68,M
wk-limitless.r23,47.68,M
wk-limitless.r24,47.68,M
wk-limitless.r25,47.68,M
wk-limitless.r26,47.68,M
wk-limitless.r27,47.68,M
wk-limitless.r28,47.68,M
wk-limitless.r29,47.68,M
wk-limitless.r30,47.68,M
wk-limitless.r31,47.68,M
wk-limitless.r32,47.68,M
wk-limitless.r33,47.68,M
wk-limitless.r34,47.68,M
wk-limitless.r35,47.68,M
wk-limitless.r36,47.68,M
wk-limitless.r37,47.68,M
wk-limitless.r38,47.68,M
wk-limitless.r39,47.68,M
wk-limitless.r40,47.68,M
wk-limitless.r41,47.68,M
wk-limitless.r42,47.68,M
wk-limitless.r43,47.68,M
wk-limitless.r44,47.68,M
wk-limitless.r45,47.68,M
wk-limitless.r46,47.68,M
wk-limitless.r47,47.68,M
wk-limitless.r48,47.68,M
wk-limitless.r49,47.68,M
wk-limitless.r50,47.68,M
wk-limitless.r51,47.68,M
wk-limitless.r52,47.68,M
wk-limitless.r53,47.68,M
wk-limitless.r54,47.68,M
wk-limitless.r55,47.68,M
wk-limitless.r56,47.68,M
wk-limitless.r57,47.68,M
wk-limitless.r58,47.68,M
wk-limitless.r59,47.68,M
wk-limitless.r60,47.68,M
wk-limitless.r61,47.68,M
wk-limitless.r62,47.68,M
wk-limitless.r63,47.68,M
wk-limitless.r64,47.68,M
wk-limitless.r65,47.68,M
wk-limitless.r66,47.68,M
wk-limitless.r67,47.68,M
wk-limitless.r68,47.68,M
wk-limitless.r69,47.68,M
wk-limitless.r70,47.68,M
wk-limitless.r71,47.68,M
wk-limitless.r72,47.68,M
wk-limitless.r73,47.68,M
wk-limitless.r74,47.68,M
wk-limitless.r75,47.68,M
wk-limitless.r76,47.68,M
wk-limitless.r77,47.68,M
wk-limitless.r78,47.68,M
wk-limitless.r79,47.68,M
wk-limitless.r80,47.68,M
wk-limitless.r81,47.68,M
wk-limitless.r82,47.68,M
wk-limitless.r83,47.68,M
wk-limitless.r84,47.68,M
wk-limitless.r85,47.68,M
wk-limitless.r86,47.68,M
wk-limitless.r87,47.68,M
wk-limitless.r88,47.68,M
wk-limitless.r89,47.68,M
wk-limitless.r90,47.68,M
wk-limitless.r91,47.68,M
wk-limitless.r92,32.87,M
wk-limitless.rar,47.68,M
wk-limitless.sfv,7.52,K
