Filename,Size,Unit
Killer.Elite[2011]BDRip.720p[Eng.Rus]-Junoon.mkv,759.62,M
Killer.Elite.JPG,394.39,K
ÐÐ°Ðº Ð¿ÐµÑÐµÐºÐ»ÑÑÐ°ÑÑ Ð·Ð²ÑÐºÐ¾Ð²ÑÐµ Ð´Ð¾ÑÐ¾Ð¶ÐºÐ¸.html,7.07,K
Junoon.ucoz.ru.url,46,B
