Title,Type,Files,Size,IMDB,Spoken Languages,Texted Languages,Tags,Quality (+),Quality (-),Uploaded,By,User Type,Seeders,Leechers,Info Hash,Picture,Capture Date
"Best of Trance, House, Electro, Dance vol-2",101,13,119.9 MiB (125723722 Bytes),,,,"""Best of Trance"",""House"",""Electro"",""Dance vol-2""",0,0,2011-09-27T17:46:26Z,asrarhassan,,5,0,48B20C217AD3FFA46C47508D57AEF1EC4BD1B6AF,,2012-05-25T13:53:51Z
