Filename,Size,Unit
BSkyB.Flying.Monsters.with.David.Attenborough.XviD.AC3.MVGroup.org.avi,702.84,M
