Title,Type,Files,Size,IMDB,Spoken Languages,Texted Languages,Tags,Quality (+),Quality (-),Uploaded,By,User Type,Seeders,Leechers,Info Hash,Picture,Capture Date
Kim Kardashian: Fit In Your Jeans by Friday-Ultimate Butt Body S,201,2,737.34 MiB (773157304 Bytes),,,,,6,0,2011-05-20T09:10:11Z,rjaa,[T],23,3,496A2596B4BA5C2F0B01846B71574D0D4B4E482F,http://image.bayimg.com/oaioiaadc.jpg,2012-06-19T19:35:22Z
