Filename,Size,Unit
PIRATES_OF_THE_CARRIBEAN_4_USA_D.ISO,7.45,G
