Title,Type,Files,Size,IMDB,Spoken Languages,Texted Languages,Tags,Quality (+),Quality (-),Uploaded,By,User Type,Seeders,Leechers,Info Hash,Picture,Capture Date
Mountain Mod Mania 9,201,3,1.14 GiB (1226828219 Bytes),,,,"""Sled"",""Snowmobile""",0,0,2011-12-03T22:21:42Z,leblancchris,,13,0,D1A83B497952DAC0D21F72BA51FBC85537CADE98,,2012-05-15T17:37:58Z
