Filename,Size,Unit
Season.Of.The.Witch.2011.720p.BRRip.XviD.AC3-SKRAPY.avi,2.18,G
Season.Of.The.Witch.2011.720p.BRRip.XviD.AC3-SKRAPY.srt,53.96,K
SKRAPYTORRENTS.nfo,84,B
