Filename,Size,Unit
Pics 11971/11971_JadaStevens082.jpg,287.86,K
Pics 11971/11971_JadaStevens062.jpg,282.9,K
Pics 11971/11971_JadaStevens063.jpg,272.92,K
Pics 11971/11971_JadaStevens061.jpg,265.73,K
Pics 11971/11971_JadaStevens071.jpg,263.63,K
Pics 11971/11971_JadaStevens038.jpg,259.51,K
Pics 11971/11971_JadaStevens094.jpg,259.19,K
Pics 11971/11971_JadaStevens081.jpg,256.92,K
Pics 11971/11971_JadaStevens070.jpg,256.81,K
Pics 11971/11971_JadaStevens066.jpg,255.22,K
Pics 11971/11971_JadaStevens091.jpg,254.64,K
Pics 11971/11971_JadaStevens083.jpg,249.35,K
Pics 11971/11971_JadaStevens077.jpg,247.48,K
Pics 11971/11971_JadaStevens093.jpg,247.29,K
Pics 11971/11971_JadaStevens090.jpg,244.29,K
Pics 11971/11971_JadaStevens096.jpg,242.53,K
Pics 11971/11971_JadaStevens064.jpg,241.25,K
Pics 11971/11971_JadaStevens085.jpg,241.18,K
Pics 11971/11971_JadaStevens105.jpg,239.21,K
Pics 11971/11971_JadaStevens079.jpg,238.52,K
Pics 11971/11971_JadaStevens049.jpg,237.87,K
Pics 11971/11971_JadaStevens084.jpg,237.12,K
Pics 11971/11971_JadaStevens102.jpg,235.3,K
Pics 11971/11971_JadaStevens099.jpg,232.98,K
Pics 11971/11971_JadaStevens080.jpg,232.67,K
Pics 11971/11971_JadaStevens055.jpg,229.13,K
Pics 11971/11971_JadaStevens089.jpg,227.73,K
Pics 11971/11971_JadaStevens059.jpg,226.06,K
Pics 11971/11971_JadaStevens075.jpg,224.56,K
Pics 11971/11971_JadaStevens051.jpg,222.77,K
Pics 11971/11971_JadaStevens050.jpg,221.94,K
Pics 11971/11971_JadaStevens060.jpg,221.86,K
Pics 11971/11971_JadaStevens067.jpg,221.41,K
Pics 11971/11971_JadaStevens111.jpg,220.9,K
Pics 11971/11971_JadaStevens092.jpg,220.54,K
Pics 11971/11971_JadaStevens057.jpg,219.24,K
Pics 11971/11971_JadaStevens046.jpg,218.45,K
Pics 11971/11971_JadaStevens104.jpg,217.7,K
Pics 11971/11971_JadaStevens041.jpg,217.45,K
Pics 11971/11971_JadaStevens087.jpg,215.98,K
Pics 11971/11971_JadaStevens053.jpg,215.63,K
Pics 11971/11971_JadaStevens043.jpg,215.22,K
Pics 11971/11971_JadaStevens072.jpg,214.79,K
Pics 11971/11971_JadaStevens047.jpg,214.57,K
Pics 11971/11971_JadaStevens042.jpg,213.66,K
Pics 11971/11971_JadaStevens045.jpg,213.28,K
Pics 11971/11971_JadaStevens058.jpg,212.49,K
Pics 11971/11971_JadaStevens039.jpg,212.37,K
Pics 11971/11971_JadaStevens073.jpg,212.35,K
Pics 11971/11971_JadaStevens052.jpg,211.95,K
Pics 11971/11971_JadaStevens069.jpg,211.78,K
Pics 11971/11971_JadaStevens103.jpg,209.24,K
Pics 11971/11971_JadaStevens048.jpg,209.18,K
Pics 11971/11971_JadaStevens106.jpg,209.09,K
Pics 11971/11971_JadaStevens098.jpg,208.28,K
Pics 11971/11971_JadaStevens107.jpg,207.42,K
Pics 11971/11971_JadaStevens037.jpg,205.61,K
Pics 11971/11971_JadaStevens101.jpg,203.83,K
Pics 11971/11971_JadaStevens076.jpg,203.45,K
Pics 11971/11971_JadaStevens040.jpg,200.6,K
Pics 11971/11971_JadaStevens110.jpg,200.22,K
Pics 11971/11971_JadaStevens088.jpg,199.65,K
Pics 11971/11971_JadaStevens054.jpg,196.5,K
Pics 11971/11971_JadaStevens108.jpg,196.35,K
Pics 11971/11971_JadaStevens109.jpg,194.86,K
Pics 11971/11971_JadaStevens100.jpg,192.93,K
Pics 11971/11971_JadaStevens065.jpg,189.25,K
Pics 11971/11971_JadaStevens074.jpg,180.02,K
FM_11971_JadaStevens.wmv,185.57,M
