Filename,Size,Unit
Pics/trina3_008.jpg,496.99,K
Pics/trina3_005.jpg,490.63,K
Pics/trina3_001.jpg,484.85,K
Pics/trina3_010.jpg,476.22,K
Pics/trina3_031.jpg,449.77,K
Pics/trina3_021.jpg,448.91,K
Pics/trina3_004.jpg,448.48,K
Pics/trina3_003.jpg,448.43,K
Pics/trina3_006.jpg,444.27,K
Pics/trina3_014.jpg,437.88,K
Pics/trina3_033.jpg,433.03,K
Pics/trina3_025.jpg,432.23,K
Pics/trina3_037.jpg,430.38,K
Pics/trina3_015.jpg,429.29,K
Pics/trina3_028.jpg,415.84,K
Pics/trina3_007.jpg,410.04,K
Pics/trina3_023.jpg,408.72,K
Pics/trina3_012.jpg,408.58,K
Pics/trina3_020.jpg,408.4,K
Pics/trina3_019.jpg,408.04,K
Pics/trina3_026.jpg,406.88,K
Pics/trina3_036.jpg,403.81,K
Pics/trina3_011.jpg,396.06,K
Pics/trina3_018.jpg,391.25,K
Pics/trina3_016.jpg,391.03,K
Pics/trina3_029.jpg,389.86,K
Pics/trina3_032.jpg,383.69,K
Pics/trina3_027.jpg,379.92,K
Pics/trina3_002.jpg,374.69,K
Pics/trina3_022.jpg,368.01,K
Pics/trina3_024.jpg,367.63,K
Pics/trina3_039.jpg,367.62,K
Pics/trina3_017.jpg,364.89,K
Pics/trina3_034.jpg,359.14,K
Pics/trina3_038.jpg,356.71,K
Pics/trina3_030.jpg,355.66,K
Pics/trina3_013.jpg,341.85,K
Pics/trina3_035.jpg,334.25,K
Pics/trina3_009.jpg,316.66,K
RB_0108trina3.mp4,233.23,M
