Filename,Size,Unit
Jessie James - When You Say My Name.mp3,7.56,M
