Filename,Size,Unit
Vince Watson - Transitions (2011-05-20).mp3,77.01,M
John Digweed - Transitions (2011-05-20).mp3,76.73,M
