Filename,Size,Unit
Mandy Majestic Huge Boob CamShow.avi,151.61,M
