Filename,Size,Unit
[Zenyaku] R-15 - 07 [720p h264 AAC] [26B37129].mkv,310.76,M
