User Type,Username,Date,Text
,naga111,2011-08-01T01:08Z,ty :)
