Filename,Size,Unit
El Barco 2x11.mkv,2,G
