Filename,Size,Unit
Adobe Illustrator CS5 Classroom in a Book(BBS).pdf,37.4,M
