User Type,Username,Date,Text
,m0u7118,2011-12-16T23:12Z,thanx sooooooo much
