Title,Type,Files,Size,IMDB,Spoken Languages,Texted Languages,Tags,Quality (+),Quality (-),Uploaded,By,User Type,Seeders,Leechers,Info Hash,Picture,Capture Date
Donna Maria - Tudo é para Sempre (2004),101,12,93.06 MiB (97579255 Bytes),,,,,0,0,2011-01-31T21:20:51Z,Vitor_Fernandes,[T],1,0,3D2251AEAB7D3CA0749A84CEF551B88ED1AFE067,,2012-06-28T13:41:00Z
