Title,Type,Files,Size,IMDB,Spoken Languages,Texted Languages,Tags,Quality (+),Quality (-),Uploaded,By,User Type,Seeders,Leechers,Info Hash,Picture,Capture Date
The Passion Of The Christ [2004] 1080p BRRiP H.264 AAC - ExtraTo,207,26,3.44 GiB (3688756810 Bytes),http://www.imdb.com/title/tt0335345/,English,,"""ExtraTorrentRG"",""TheFalcon007"",""2011"",""Limitless"",""Blu ray"",""1080p"",""Awards"",""Action"",""Thriller"",""Sci-Fi"",""Mystery"",""Adventure"",""xxx"",""Hot"",""Adult"",""Romance"",""Drama"",""2004"",""Christian"",""Passion Of The Christ"",""English""",1,0,2011-05-30T15:44:25Z,ExtraTorrentRG,[V],12,7,D5BF589D64D30B974265DE07738859A0DBDF436C,,2012-06-19T06:34:57Z
