Filename,Size,Unit
10th Anniversary (1787)/10th Anniversary - James Patterson.mobi,579.1,K
10th Anniversary (1787)/10th Anniversary - James Patterson.epub,534.16,K
10th Anniversary (1787)/cover.jpg,41.33,K
10th Anniversary (1787)/metadata.opf,3.13,K
1st to die (161)/1st to die - James Patterson.epub,475.01,K
1st to die (161)/1st to die - James Patterson.mobi,420.78,K
1st to die (161)/cover.jpg,22.05,K
1st to die (161)/metadata.opf,4.21,K
2nd Chance (2139)/2nd Chance - James Patterson.mobi,370.26,K
2nd Chance (2139)/2nd Chance - James Patterson.epub,302.1,K
2nd Chance (2139)/cover.jpg,30.73,K
2nd Chance (2139)/metadata.opf,3.6,K
3rd degree (148)/3rd degree - James Patterson.mobi,358.46,K
3rd degree (148)/3rd degree - James Patterson.epub,276.65,K
3rd degree (148)/cover.jpg,34.77,K
3rd degree (148)/metadata.opf,4.73,K
4th of July (153)/4th of July - James Patterson.mobi,351.47,K
4th of July (153)/4th of July - James Patterson.epub,205.46,K
4th of July (153)/cover.jpg,33.68,K
4th of July (153)/metadata.opf,4.41,K
7th Heaven (251)/7th Heaven - James Patterson.mobi,259.16,K
7th Heaven (251)/7th Heaven - James Patterson.epub,177.84,K
7th Heaven (251)/cover.jpg,28.73,K
7th Heaven (251)/metadata.opf,4.27,K
Alex Cross's TRIAL (281)/Alex Cross's TRIAL - James Patterson.mobi,309.09,K
Alex Cross's TRIAL (281)/Alex Cross's TRIAL - James Patterson.epub,246.46,K
Alex Cross's TRIAL (281)/cover.jpg,13.65,K
Alex Cross's TRIAL (281)/metadata.opf,4.01,K
Along Came a Spider (163)/Along Came a Spider - James Patterson.mobi,403.99,K
Along Came a Spider (163)/Along Came a Spider - James Patterson.epub,283.63,K
Along Came a Spider (163)/cover.jpg,44.71,K
Along Came a Spider (163)/metadata.opf,3.57,K
Beach Road (1239)/Beach Road - James Patterson.epub,331.08,K
Beach Road (1239)/Beach Road - James Patterson.mobi,317.25,K
Beach Road (1239)/cover.jpg,39.09,K
Beach Road (1239)/metadata.opf,4.53,K
Black Friday (Black Market) (168)/Black Friday (Black Market) - James Patterson.mobi,427.42,K
Black Friday (Black Market) (168)/Black Friday (Black Market) - James Patterson.epub,264.26,K
Black Friday (Black Market) (168)/cover.jpg,39.68,K
Black Friday (Black Market) (168)/metadata.opf,3.38,K
Bloody Valentine (1895)/Bloody Valentine - James Patterson.epub,199.15,K
Bloody Valentine (1895)/Bloody Valentine - James Patterson.mobi,195.86,K
Bloody Valentine (1895)/cover.jpg,68.09,K
Bloody Valentine (1895)/metadata.opf,3.25,K
Cat and mouse (170)/Cat and mouse - James Patterson.mobi,386.06,K
Cat and mouse (170)/Cat and mouse - James Patterson.epub,252.23,K
Cat and mouse (170)/cover.jpg,31.53,K
Cat and mouse (170)/metadata.opf,4.72,K
Cradle and All (176)/Cradle and All - James Patterson.mobi,316.74,K
Cradle and All (176)/Cradle and All - James Patterson.epub,202.79,K
Cradle and All (176)/cover.jpg,31.19,K
Cradle and All (176)/metadata.opf,4.6,K
Cross (167)/Cross - James Patterson.mobi,310.07,K
Cross (167)/Cross - James Patterson.epub,188.6,K
Cross (167)/cover.jpg,29.84,K
Cross (167)/metadata.opf,3.97,K
Cross Country (1238)/Cross Country - James Patterson.epub,375.89,K
Cross Country (1238)/Cross Country - James Patterson.mobi,362.73,K
Cross Country (1238)/cover.jpg,32.91,K
Cross Country (1238)/metadata.opf,3.9,K
Cross Fire (1204)/Cross Fire - James Patterson.mobi,408.95,K
Cross Fire (1204)/Cross Fire - James Patterson.epub,388.58,K
Cross Fire (1204)/cover.jpg,44.15,K
Cross Fire (1204)/metadata.opf,1.98,K
Demons and Druids (1782)/Demons and Druids - James Patterson.epub,134.84,K
Demons and Druids (1782)/cover.jpg,31.99,K
Demons and Druids (1782)/metadata.opf,2.87,K
Don't Blink (828)/Don't Blink - James Patterson.epub,478.66,K
Don't Blink (828)/Don't Blink - James Patterson.mobi,476.5,K
Don't Blink (828)/cover.jpg,23.65,K
Don't Blink (828)/metadata.opf,3.51,K
Double Cross (178)/Double Cross - James Patterson.mobi,382.05,K
Double Cross (178)/Double Cross - James Patterson.epub,246.67,K
Double Cross (178)/cover.jpg,27.94,K
Double Cross (178)/metadata.opf,4.28,K
Fang (1244)/Fang - James Patterson.mobi,304.16,K
Fang (1244)/Fang - James Patterson.epub,234.07,K
Fang (1244)/cover.jpg,34.95,K
Fang (1244)/metadata.opf,4.74,K
Four Blind Mice (189)/Four Blind Mice - James Patterson.mobi,329.06,K
Four Blind Mice (189)/Four Blind Mice - James Patterson.epub,209.37,K
Four Blind Mice (189)/cover.jpg,31.17,K
Four Blind Mice (189)/metadata.opf,5.06,K
Hide and Seek (191)/Hide and Seek - James Patterson.epub,503.41,K
Hide and Seek (191)/Hide and Seek - James Patterson.mobi,378.56,K
Hide and Seek (191)/cover.jpg,23.71,K
Hide and Seek (191)/metadata.opf,3.17,K
Honeymoon (192)/Honeymoon - James Patterson.mobi,286.95,K
Honeymoon (192)/Honeymoon - James Patterson.epub,162.31,K
Honeymoon (192)/cover.jpg,36.04,K
Honeymoon (192)/metadata.opf,2.97,K
"I, Alex Cross (280)/I, Alex Cross - James Patterson.mobi",317.89,K
"I, Alex Cross (280)/I, Alex Cross - James Patterson.epub",306.6,K
"I, Alex Cross (280)/cover.jpg",49.91,K
"I, Alex Cross (280)/metadata.opf",3.04,K
Jack and Jil (193)/Jack and Jil - James Patterson.mobi,470.02,K
Jack and Jil (193)/Jack and Jil - James Patterson.epub,285.99,K
Jack and Jil (193)/cover.jpg,37.21,K
Jack and Jil (193)/metadata.opf,4.45,K
Judge & Jury (194)/Judge & Jury - James Patterson.mobi,352.96,K
Judge & Jury (194)/Judge & Jury - James Patterson.epub,326.08,K
Judge & Jury (194)/cover.jpg,43.86,K
Judge & Jury (194)/metadata.opf,1.83,K
Kiss the Girls (196)/Kiss the Girls - James Patterson.mobi,439.14,K
Kiss the Girls (196)/Kiss the Girls - James Patterson.epub,271.76,K
Kiss the Girls (196)/cover.jpg,35.26,K
Kiss the Girls (196)/metadata.opf,3.9,K
Lifeguard (1785)/Lifeguard - James Patterson.epub,288.82,K
Lifeguard (1785)/cover.jpg,24.89,K
Lifeguard (1785)/metadata.opf,2.45,K
London Bridges (199)/London Bridges - James Patterson.mobi,322.1,K
London Bridges (199)/London Bridges - James Patterson.epub,192.52,K
London Bridges (199)/cover.jpg,35.54,K
London Bridges (199)/metadata.opf,3.08,K
"Mary, Mary (164)/Mary, Mary - James Patterson.mobi",284.05,K
"Mary, Mary (164)/Mary, Mary - James Patterson.epub",169.49,K
"Mary, Mary (164)/cover.jpg",5.18,K
"Mary, Mary (164)/metadata.opf",4.36,K
MAX (1243)/MAx - James Patterson.mobi,340.16,K
MAX (1243)/MAx - James Patterson.epub,255.18,K
MAX (1243)/cover.jpg,60.31,K
MAX (1243)/metadata.opf,5.7,K
Miracle on the 17th Green (1779)/Miracle on the 17th Green - James Patterson.epub,119.62,K
Miracle on the 17th Green (1779)/cover.jpg,11.59,K
Miracle on the 17th Green (1779)/metadata.opf,3.11,K
Now You See Her (2749)/Now You See Her - James Patterson.mobi,929.16,K
Now You See Her (2749)/cover.jpg,37.92,K
Now You See Her (2749)/metadata.opf,4.42,K
Pop Goes the Wease (207)/Pop Goes the Wease - James Patterson.mobi,392.25,K
Pop Goes the Wease (207)/Pop Goes the Wease - James Patterson.epub,246.4,K
Pop Goes the Wease (207)/cover.jpg,34.64,K
Pop Goes the Wease (207)/metadata.opf,4.28,K
Private (736)/Private - James Patterson.mobi,400.04,K
Private (736)/Private - James Patterson.epub,347.21,K
Private (736)/cover.jpg,66.9,K
Private (736)/metadata.opf,4.98,K
Private London (2755)/Private London - James Patterson.epub,331.36,K
Private London (2755)/Private London - James Patterson.mobi,271.32,K
Private London (2755)/cover.jpg,41.59,K
Private London (2755)/metadata.opf,3.34,K
Roses Are Red (210)/Roses Are Red - James Patterson.mobi,303.92,K
Roses Are Red (210)/Roses Are Red - James Patterson.epub,203.27,K
Roses Are Red (210)/cover.jpg,32.16,K
Roses Are Red (210)/metadata.opf,5.08,K
Run for Your Life (945)/Run for Your Life - James Patterson.mobi,349.44,K
Run for Your Life (945)/Run for Your Life - James Patterson.epub,200.01,K
Run for Your Life (945)/cover.jpg,46.31,K
Run for Your Life (945)/metadata.opf,3.53,K
Sail (1245)/Sail - James Patterson.mobi,380.47,K
Sail (1245)/Sail - James Patterson.epub,298.04,K
Sail (1245)/cover.jpg,31.93,K
Sail (1245)/metadata.opf,4.15,K
Saving the world and other extreme sport (1241)/Saving the world and other extreme sport - James Patterson.mobi,343.79,K
Saving the world and other extreme sport (1241)/Saving the world and other extreme sport - James Patterson.epub,201.63,K
Saving the world and other extreme sport (1241)/cover.jpg,35.12,K
Saving the world and other extreme sport (1241)/metadata.opf,4.54,K
School's Out Forever (201)/School's Out Forever - James Patterson.mobi,310.59,K
School's Out Forever (201)/School's Out Forever - James Patterson.epub,203.3,K
School's Out Forever (201)/cover.jpg,31.75,K
School's Out Forever (201)/metadata.opf,2.62,K
See How They Run (1781)/See How They Run - James Patterson.epub,187.78,K
See How They Run (1781)/cover.jpg,20.21,K
See How They Run (1781)/metadata.opf,2.71,K
Step on a Crack (224)/Step on a Crack - James Patterson.mobi,349.71,K
Step on a Crack (224)/Step on a Crack - James Patterson.epub,326.66,K
Step on a Crack (224)/cover.jpg,33.81,K
Step on a Crack (224)/metadata.opf,5.27,K
Sundays at Tiffany's (1788)/Sundays at Tiffany's - James Patterson.epub,220.94,K
Sundays at Tiffany's (1788)/cover.jpg,20.63,K
Sundays at Tiffany's (1788)/metadata.opf,3.27,K
Suzanne's diary for Nicholas (1246)/Suzanne's diary for Nicholas - James Patterson.mobi,216.74,K
Suzanne's diary for Nicholas (1246)/Suzanne's diary for Nicholas - James Patterson.epub,128.01,K
Suzanne's diary for Nicholas (1246)/cover.jpg,30.85,K
Suzanne's diary for Nicholas (1246)/metadata.opf,6.11,K
Swimsuit (127)/Swimsuit - James Patterson.mobi,349.12,K
Swimsuit (127)/Swimsuit - James Patterson.epub,215.97,K
Swimsuit (127)/cover.jpg,32.13,K
Swimsuit (127)/metadata.opf,3.51,K
The  8th Confession (1247)/The  8th Confession - James Patterson.mobi,330.19,K
The  8th Confession (1247)/The  8th Confession - James Patterson.epub,323.12,K
The  8th Confession (1247)/cover.jpg,27.85,K
The  8th Confession (1247)/metadata.opf,4.61,K
The 5th Horseman (250)/The 5th Horseman - James Patterson.mobi,325.32,K
The 5th Horseman (250)/The 5th Horseman - James Patterson.epub,214.25,K
The 5th Horseman (250)/cover.jpg,46.16,K
The 5th Horseman (250)/metadata.opf,3.52,K
The 6th Target (155)/The 6th Target - James Patterson.mobi,369.47,K
The 6th Target (155)/The 6th Target - James Patterson.epub,346.46,K
The 6th Target (155)/cover.jpg,49.91,K
The 6th Target (155)/metadata.opf,3.63,K
The 9th Judgment (383)/The 9th Judgment - James Patterson.epub,301.17,K
The 9th Judgment (383)/The 9th Judgment - James Patterson.mobi,292.24,K
The 9th Judgment (383)/cover.jpg,11.25,K
The 9th Judgment (383)/metadata.opf,5.51,K
The Angel Experiment (1240)/The Angel Experiment - James Patterson.mobi,376.28,K
The Angel Experiment (1240)/The Angel Experiment - James Patterson.epub,226.2,K
The Angel Experiment (1240)/cover.jpg,36.8,K
The Angel Experiment (1240)/metadata.opf,5.26,K
The Beach House (132)/The beach house - James Patterson.mobi,288.95,K
The Beach House (132)/The beach house - James Patterson.epub,185.39,K
The Beach House (132)/cover.jpg,35.6,K
The Beach House (132)/metadata.opf,3.39,K
The Big Bad Wolf (136)/The Big Bad Wolf - James Patterson.mobi,330.02,K
The Big Bad Wolf (136)/The Big Bad Wolf - James Patterson.epub,207.14,K
The Big Bad Wolf (136)/cover.jpg,30.12,K
The Big Bad Wolf (136)/metadata.opf,4.19,K
The Dangerous Days of Daniel X (1783)/The Dangerous Days of Daniel X - James Patterson.epub,113.72,K
The Dangerous Days of Daniel X (1783)/cover.jpg,9.96,K
The Dangerous Days of Daniel X (1783)/metadata.opf,2.31,K
The Final Warning (1242)/The Final Warning - James Patterson.mobi,244.83,K
The Final Warning (1242)/The Final Warning - James Patterson.epub,149.05,K
The Final Warning (1242)/cover.jpg,36.86,K
The Final Warning (1242)/metadata.opf,4.53,K
The Gift (1786)/The Gift - James Patterson.epub,750.34,K
The Gift (1786)/cover.jpg,18.06,K
The Gift (1786)/metadata.opf,2.89,K
The Jester (139)/The Jester - James Patterson.doc,828,K
The Jester (139)/The Jester - James Patterson.mobi,425.71,K
The Jester (139)/The Jester - James Patterson.epub,260.37,K
The Jester (139)/cover.jpg,30.15,K
The Jester (139)/metadata.opf,4,K
The Lake House (141)/The Lake House - James Patterson.mobi,276.04,K
The Lake House (141)/The Lake House - James Patterson.epub,195.22,K
The Lake House (141)/cover.jpg,36.89,K
The Lake House (141)/metadata.opf,3.72,K
The Midnight Club (206)/The Midnight Club - James Patterson.mobi,359.2,K
The Midnight Club (206)/The Midnight Club - James Patterson.epub,221.55,K
The Midnight Club (206)/cover.jpg,33.94,K
The Midnight Club (206)/metadata.opf,2.19,K
The Murder of King Tut (1780)/The Murder of King Tut - James Patterson.epub,1.51,M
The Murder of King Tut (1780)/cover.jpg,20.46,K
The Murder of King Tut (1780)/metadata.opf,2.57,K
The Postcard Killers (830)/The Postcard Killers - James Patterson.mobi,450.91,K
The Postcard Killers (830)/The Postcard Killers - James Patterson.epub,364.57,K
The Postcard Killers (830)/cover.jpg,75.95,K
The Postcard Killers (830)/metadata.opf,2.62,K
The Quickie (144)/The Quickie - James Patterson.mobi,319.12,K
The Quickie (144)/The Quickie - James Patterson.epub,296.36,K
The Quickie (144)/cover.jpg,41.25,K
The Quickie (144)/metadata.opf,1.91,K
The season of the machete (218)/The season of the machete - James Patterson.mobi,269.4,K
The season of the machete (218)/The season of the machete - James Patterson.epub,186.04,K
The season of the machete (218)/cover.jpg,38.61,K
The season of the machete (218)/metadata.opf,2.36,K
The Thomas Berryman Number (2911)/The Thomas Berryman Number - James Patterson.zip,144.11,K
The Thomas Berryman Number (2911)/cover.jpg,36.2,K
The Thomas Berryman Number (2911)/metadata.opf,3.97,K
Tick Tock (Michael Bennett) (1550)/Tick Tock (Michael Bennett) - James Patterson.mobi,416,K
Tick Tock (Michael Bennett) (1550)/Tick Tock (Michael Bennett) - James Patterson.epub,372.17,K
Tick Tock (Michael Bennett) (1550)/cover.jpg,36.35,K
Tick Tock (Michael Bennett) (1550)/metadata.opf,4.81,K
Toys (1711)/Toys - James Patterson.mobi,726.15,K
Toys (1711)/Toys - James Patterson.epub,467.61,K
Toys (1711)/cover.jpg,77.66,K
Toys (1711)/metadata.opf,4.26,K
Violets Are Blue (156)/Violets Are Blue - James Patterson.mobi,314.24,K
Violets Are Blue (156)/Violets Are Blue - James Patterson.epub,205.76,K
Violets Are Blue (156)/cover.jpg,32.76,K
Violets Are Blue (156)/metadata.opf,3.86,K
Watch the Skies (1407)/Watch the Skies - James Patterson.epub,444.69,K
Watch the Skies (1407)/Watch the Skies - James Patterson.mobi,278.06,K
Watch the Skies (1407)/cover.jpg,84.47,K
Watch the Skies (1407)/metadata.opf,3.07,K
When the Wind Blows (160)/When the Wind Blows - James Patterson.mobi,362.98,K
When the Wind Blows (160)/When the Wind Blows - James Patterson.epub,227.95,K
When the Wind Blows (160)/cover.jpg,30.98,K
When the Wind Blows (160)/metadata.opf,3.5,K
Witch & Wizard (766)/Witch & Wizard - James Patterson.epub,663.1,K
Witch & Wizard (766)/Witch & Wizard - James Patterson.mobi,558.99,K
Witch & Wizard (766)/cover.jpg,83.86,K
Witch & Wizard (766)/metadata.opf,3.49,K
Worst Case (165)/Worst Case - James Patterson.mobi,327.05,K
Worst Case (165)/Worst Case - James Patterson.epub,278.77,K
Worst Case (165)/cover.jpg,28.64,K
Worst Case (165)/metadata.opf,2.97,K
You've Been Warned (171)/You've Been Warned - James Patterson.mobi,323.58,K
You've Been Warned (171)/You've Been Warned - James Patterson.epub,296,K
You've Been Warned (171)/cover.jpg,49.45,K
You've Been Warned (171)/metadata.opf,3.53,K
Torrent downloaded from Demonoid.me.txt,46,B
