User Type,Username,Date,Text
,hinduveer,2011-03-03T12:59Z,"A documentry made on Shri Baba Amarnath Andolan..
Language: Hindi
Total time: 00:20:52 "
,hinduveer,2011-05-30T16:24Z,"mail me at hinduveer108@gmail.com for seed, if u r interested in downloading this."
