Title,Type,Files,Size,IMDB,Spoken Languages,Texted Languages,Tags,Quality (+),Quality (-),Uploaded,By,User Type,Seeders,Leechers,Info Hash,Picture,Capture Date
SMOOTHSKINNEDANGELSLiza in Extreme-Bikini.avi,506,1,214.53 MiB (224948756 Bytes),,,,,0,0,2012-01-06T21:42:12Z,dodgerblue,[T],1,1,76A2ABEDC56595667A0A1D64BEA3698520171B5B,,2012-05-13T22:11:50Z
