BUILD: 7601.17514.101119-1850
7601.17514.101119-1850_x86fre_professional_ru-ru_VL_OEM_Professional-GRMCPRVOL_RU_DVD.iso
SIZE: 2,319,673,344 byte
SHA-1: 7ADDFF4B0CA884BC1EE4416C15C3AB1DB48C0FF9
MD5: 6B4FAED517548B112BE1B3DDF895B14F
CRC: 55B81FFC