Filename,Size,Unit
0411.mp3,3.47,M
0312.mp3,3.47,M
0503.mp3,3.39,M
0513.mp3,3.28,M
0605.mp3,3.2,M
0308.mp3,3.13,M
0608.mp3,3.1,M
0106.mp3,3.07,M
0306.mp3,3.05,M
0611.mp3,3.02,M
0610.mp3,2.88,M
0413.mp3,2.87,M
0403.mp3,2.86,M
0602.mp3,2.86,M
0412.mp3,2.8,M
0404.mp3,2.8,M
0302.mp3,2.77,M
0304.mp3,2.77,M
0112.mp3,2.76,M
0206.mp3,2.75,M
0310.mp3,2.7,M
0109.mp3,2.63,M
0309.mp3,2.62,M
0202.mp3,2.61,M
0210.mp3,2.6,M
0511.mp3,2.6,M
0114.mp3,2.59,M
0207.mp3,2.56,M
0103.mp3,2.55,M
0607.mp3,2.55,M
0505.mp3,2.55,M
0305.mp3,2.51,M
0408.mp3,2.46,M
0105.mp3,2.44,M
0512.mp3,2.42,M
0407.mp3,2.42,M
0409.mp3,2.4,M
0405.mp3,2.34,M
0502.mp3,2.34,M
0212.mp3,2.33,M
0303.mp3,2.32,M
0504.mp3,2.32,M
0509.mp3,2.29,M
0606.mp3,2.29,M
0107.mp3,2.29,M
0613.mp3,2.28,M
0406.mp3,2.28,M
0209.mp3,2.26,M
0213.mp3,2.26,M
0110.mp3,2.26,M
0113.mp3,2.24,M
0609.mp3,2.23,M
0402.mp3,2.21,M
0111.mp3,2.14,M
0604.mp3,2.1,M
0507.mp3,2.09,M
0208.mp3,2.06,M
0510.mp3,2.05,M
0603.mp3,2.05,M
0102.mp3,2.02,M
0108.mp3,2.02,M
0410.mp3,1.99,M
0204.mp3,1.98,M
0506.mp3,1.97,M
0307.mp3,1.94,M
0215.mp3,1.93,M
0104.mp3,1.89,M
0508.mp3,1.79,M
0311.mp3,1.74,M
0205.mp3,1.7,M
0612.mp3,1.67,M
0214.mp3,1.63,M
0211.mp3,1.54,M
0203.mp3,1.54,M
0614.mp3,457.37,K
0101.mp3,419.21,K
SEED.gif,303.44,K
0301.mp3,56.15,K
0601.mp3,55.53,K
0401.mp3,55.53,K
0501.mp3,54.11,K
0201.mp3,50.84,K
banner1.jpg,17.18,K
Tack fÃ¶r att du lÃ¥nar!.txt,349,B
