Filename,Size,Unit
dn2011-1027.mp4,430.93,M
