Title,Type,Files,Size,IMDB,Spoken Languages,Texted Languages,Tags,Quality (+),Quality (-),Uploaded,By,User Type,Seeders,Leechers,Info Hash,Picture,Capture Date
20 Amazing Landscapes Full HD Wallpapers 1080p [Set 14],603,2,14.67 MiB (15380285 Bytes),,,,"""Landscapes"",""Full HD"",""Wallpapers""",0,0,2011-01-19T19:50:17Z,nicobolso1899,[V],1,0,F6ABA0A0C9793A6A9930D19A3D7037E1A0283848,,2012-06-29T02:42:22Z
