Filename,Size,Unit
"SLC.Punk!- 1998- mp4- x264(Ipod,Psp,Zune).mp4",315.42,M
