Filename,Size,Unit
Cowboys And Aliens.2011.DVDRip.Xvid.AC3-SiNiSTER.avi,1.42,G
vlcsnap-00001.png,473.03,K
vlcsnap-00004.png,424.8,K
vlcsnap-00003.png,246.55,K
vlcsnap-00002.png,140.12,K
Cowboys And Aliens.2011.DVDRip.Xvid.jpg,134.27,K
SiNiSTER NFO.nfo,4.48,K
enjoy.txt,36,B
sceneunderground org.txt,27,B
