Title,Type,Files,Size,IMDB,Spoken Languages,Texted Languages,Tags,Quality (+),Quality (-),Uploaded,By,User Type,Seeders,Leechers,Info Hash,Picture,Capture Date
[TeenSexMania.com] Dulce ,501,1,778.39 MiB (816200978 Bytes),,,,,0,0,2011-04-25T10:15:41Z,exmnova,[T],2,0,B95E56EA9234FC56AC4C42511E16DD020B6460F8,,2012-06-22T06:20:37Z
