Title,Type,Files,Size,IMDB,Spoken Languages,Texted Languages,Tags,Quality (+),Quality (-),Uploaded,By,User Type,Seeders,Leechers,Info Hash,Picture,Capture Date
Bluebird Films - Squirtatious [DvdRip].avi,501,4,1.36 GiB (1464168331 Bytes),,English,,"""Bluebird"",""XxX"",""Squirtatious"",""Sex""",0,0,2011-03-16T20:27:00Z,SplashPt,[V],4,3,93F6282170C248E28F31A80FE57E829FD4933172,,2012-06-25T21:21:44Z
