Filename,Size,Unit
Film/Winny the Pooh (2011) XVIDRIP 1.5 GB DD 5.1 SRT XVID EXTERNE SUBS.avi,1.46,G
Film/Winny the Pooh (2011) XVIDRIP 1.5 GB DD 5.1 SRT XVID EXTERNE SUBS.srt,66.5,K
info TBS/Black-Sam.txt,124,B
info TBS/Torrent_downloaded_from_AhaShare.com.txt,63,B
info TBS/Torrent_downloaded_from_Demonoid.me.txt,46,B
info TBS/Torrent_downloaded_from_www.puretorrents.cc.txt,36,B
info TBS/Winnie The Pooh (2011)(DIVX)  TBS.txt,1.77,K
info TBS/poster.jpg,24.12,K
info TBS/torrent_download_from_deemtrack.txt,19,B
info TBS/tracked By movie-torrentz.txt,36,B
info TBS/www.black-sam.org.jpg,13.1,K
