Title,Type,Files,Size,IMDB,Spoken Languages,Texted Languages,Tags,Quality (+),Quality (-),Uploaded,By,User Type,Seeders,Leechers,Info Hash,Picture,Capture Date
Ferry Corsten - Corsten's Countdown 185 (2011-01-12),199,15,103.81 MiB (108855095 Bytes),,,,,0,0,2011-01-13T21:53:56Z,IndexTrance,[V],0,0,2F33D1FC732867FB0729FE67976CA35809574E61,,2012-06-29T12:00:28Z
