User Type,Username,Date,Text
[V],amanrulz,2011-07-02T06:41Z,"Screens

http://bollywoodreleases.info/images/76742112511438471426.jpg
http://bollywoodreleases.info/images/13915150450462324455.jpg
http://bollywoodreleases.info/images/78535570995144872298.jpg
http://bollywoodreleases.info/images/37502331190442790609.jpg
http://bollywoodreleases.info/images/36446335668475076720.jpg
http://bollywoodreleases.info/images/43256854263476564961.jpg
http://bollywoodreleases.info/images/51814384848481883828.jpg
http://bollywoodreleases.info/images/71909309090559037033.jpg
http://bollywoodreleases.info/images/68967671085638575120.jpg
http://bollywoodreleases.info/images/26075602949702098685.jpg"
