Filename,Size,Unit
Tom.And.Jerry.The.Fast.And.The.Furry.2005.720p.BRRip.mkv-TehDowns.mkv,998.25,M
Tom.And.Jerry.The.Fast.And.The.Furry.2005.720p.BRRip.mkv-TehDowns.nfo,5.69,K
