Title,Type,Files,Size,IMDB,Spoken Languages,Texted Languages,Tags,Quality (+),Quality (-),Uploaded,By,User Type,Seeders,Leechers,Info Hash,Picture,Capture Date
El Infierno (Spanish DVDRip latino).avi,201,1,1.52 GiB (1633446509 Bytes),,Spanish,,,0,0,2012-01-31T15:08:37Z,Jopicas,,16,0,EF736954CFA717E0E6B7C6652FF57EAF33D3C086,http://image.bayimg.com/kampeaade.jpg,2012-05-28T14:23:14Z
