Title,Type,Files,Size,IMDB,Spoken Languages,Texted Languages,Tags,Quality (+),Quality (-),Uploaded,By,User Type,Seeders,Leechers,Info Hash,Picture,Capture Date
Volcanoes (gnv64),601,2,20.5 MiB (21495849 Bytes),,,,"""Volcanoes""",0,0,2012-01-15T15:00:40Z,gnv65,[V],2,0,2CD129FDB339CA5409575B09D8E966F2C2F00E94,http://image.bayimg.com/hallmaado.jpg,2012-05-13T10:44:07Z
