Filename,Size,Unit
Download_9_480p.HDTV.x264_TTL.mkv,924.15,M
Download_9_480p.HDTV.x264_TTL-Sample.mkv,19.32,M
Download_9_480p.HDTV.x264_TTL.txt,2.69,K
