Filename,Size,Unit
Violin(2011)DVDRip - XviD - AC3 5.1 - E-Subs.avi,1.45,G
Violin(2011)DVDRip - XviD - AC3 5.1 - E-Subs.sub,5.18,M
Violin(2011)DVDRip - XviD - AC3 5.1 - E-Subs.idx,55.12,K
