Title,Type,Files,Size,IMDB,Spoken Languages,Texted Languages,Tags,Quality (+),Quality (-),Uploaded,By,User Type,Seeders,Leechers,Info Hash,Picture,Capture Date
PORN Patrol v1.2.8 + Key,301,1,11.28 MiB (11831242 Bytes),,,,"""PORN Patrol v1.2.8 + Key""",2,1,2011-11-11T22:43:03Z,Nezlekhs1,,2,0,29E7CE95D01863A1F3EDC3BF645DB03B6F940D5E,http://image.bayimg.com/oahpkaadj.jpg,2012-05-19T03:00:46Z
