Title,Type,Files,Size,IMDB,Spoken Languages,Texted Languages,Tags,Quality (+),Quality (-),Uploaded,By,User Type,Seeders,Leechers,Info Hash,Picture,Capture Date
BBC Huw Wheldon Lecture 2011 TV Modern Father of History 468p x2,205,1,446.56 MiB (468252289 Bytes),,English,,"""mvgroup"",""documentary""",0,0,2011-10-20T21:38:10Z,MVGroup,[V],2,0,CFF24D617C70FBC7927C3A36ED49D7E306642354,http://image.bayimg.com/nakehaadj.jpg,2012-05-24T00:55:05Z
