Filename,Size,Unit
Who's Your Mommie #8.avi,694.53,M
