Filename,Size,Unit
Preposterous Tales.mp3,3.94,M
