Filename,Size,Unit
btcp_paige_turnah_sd.wmv,456.13,M
btcp_paige_turnah_sd.wmv.jpg,626.46,K
00_22_04.jpg,50.47,K
