User Type,Username,Date,Text
,scout221,2010-12-24T09:36Z,please seed
