Title,Type,Files,Size,IMDB,Spoken Languages,Texted Languages,Tags,Quality (+),Quality (-),Uploaded,By,User Type,Seeders,Leechers,Info Hash,Picture,Capture Date
Panos kiamos-apo deytera.mp3,101,1,8.63 MiB (9052996 Bytes),,,,"""kiamos"",""panos"",""apo deytera"",""apo deutera""",0,0,2011-04-07T14:24:59Z,fouriozos,,2,0,7B88396EFA1EF339923767DD0D5EB2FE94A6BE80,,2012-06-24T08:20:48Z
