Title,Type,Files,Size,IMDB,Spoken Languages,Texted Languages,Tags,Quality (+),Quality (-),Uploaded,By,User Type,Seeders,Leechers,Info Hash,Picture,Capture Date
Double.Anal.Pounding.XXX.DVDRip.XviD-Jiggly,501,4,2.04 GiB (2192765018 Bytes),,,,,0,0,2011-04-22T02:44:14Z,exmnova,[T],3,1,05BA279FA111330AA357522325A9CCA7BBAE9CF9,,2012-06-22T10:16:50Z
