User Type,Username,Date,Text
,StossDaAl,2011-03-07T16:56Z,Thanx....
,ybondax,2012-06-10T19:13Z,".NET, C#, WPF, XAML Source Code and Examples: http://www.codearsenal.net"
