User Type,Username,Date,Text
,adicto_al_cafe,2011-07-23T21:56Z,"Great torrent, thanks for unmixed -inspiron- :)"
[T],FatFreddy62,2011-07-23T22:14Z,cheers mate  .... u tha shit
,popelpost,2011-08-04T23:39Z,thnx a lot :-)
