Filename,Size,Unit
30.potrjasenij.(1.sezon.18.serija.iz.21).2006.x264.WEB-DL.720p.SETRossija.mkv,904.68,M
30.potrjasenij.(1.sezon.05.serija.iz.21).2006.x264.WEB-DL.720p.SETRossija.mkv,898.23,M
30.potrjasenij.(1.sezon.01.serija.iz.21).2006.x264.WEB-DL.720p.SETRossija.mkv,750.97,M
30.potrjasenij.(1.sezon.15.serija.iz.21).2006.x264.WEB-DL.720p.SETRossija.mkv,741.36,M
30.potrjasenij.(1.sezon.07.serija.iz.21).2006.x264.WEB-DL.720p.SETRossija.mkv,739.81,M
30.potrjasenij.(1.sezon.04.serija.iz.21).2006.x264.WEB-DL.720p.SETRossija.mkv,736.64,M
30.potrjasenij.(1.sezon.03.serija.iz.21).2006.x264.WEB-DL.720p.SETRossija.mkv,724.79,M
30.potrjasenij.(1.sezon.11.serija.iz.21).2006.x264.WEB-DL.720p.SETRossija.mkv,719.53,M
30.potrjasenij.(1.sezon.20.serija.iz.21).2006.x264.WEB-DL.720p.SETRossija.mkv,713.72,M
30.potrjasenij.(1.sezon.21.serija.iz.21).2006.x264.WEB-DL.720p.SETRossija.mkv,712.12,M
30.potrjasenij.(1.sezon.14.serija.iz.21).2006.x264.WEB-DL.720p.SETRossija.mkv,710.72,M
30.potrjasenij.(1.sezon.06.serija.iz.21).2006.x264.WEB-DL.720p.SETRossija.mkv,710.23,M
30.potrjasenij.(1.sezon.08.serija.iz.21).2006.x264.WEB-DL.720p.SETRossija.mkv,709.07,M
30.potrjasenij.(1.sezon.16.serija.iz.21).2006.x264.WEB-DL.720p.SETRossija.mkv,708.68,M
30.potrjasenij.(1.sezon.13.serija.iz.21).2006.x264.WEB-DL.720p.SETRossija.mkv,706.43,M
30.potrjasenij.(1.sezon.10.serija.iz.21).2006.x264.WEB-DL.720p.SETRossija.mkv,702.63,M
30.potrjasenij.(1.sezon.17.serija.iz.21).2006.x264.WEB-DL.720p.SETRossija.mkv,702.06,M
30.potrjasenij.(1.sezon.19.serija.iz.21).2006.x264.WEB-DL.720p.SETRossija.mkv,692.54,M
30.potrjasenij.(1.sezon.12.serija.iz.21).2006.x264.WEB-DL.720p.SETRossija.mkv,692.01,M
30.potrjasenij.(1.sezon.09.serija.iz.21).2006.x264.WEB-DL.720p.SETRossija.mkv,684.23,M
30.potrjasenij.(1.sezon.02.serija.iz.21).2006.x264.WEB-DL.720p.SETRossija.mkv,683.42,M
