Filename,Size,Unit
info/NLT-Release Banner.jpg,3.45,M
info/NLT-Release flyer.gif,82.01,K
info/64328.jpg,24.62,K
info/www.allesgratis.org.gif,3.36,K
info/EERST LEZEN AUB_NLT-RELEASE.txt,1.29,K
info/Torrent downloaded from Demonoid.com.txt,47,B
The Devils Double (2011) 1080p/The Devils Double (2011) 1080P.mkv,7.99,G
