Filename,Size,Unit
Cactus.frontal.jpg,16.55,K
LEEME.txt,55,B
Plantas.Cactus.Asi.Seran.Mas.Hermosos.PDF.by.chuska.{www.cantabriatorrent.net}.pdf,20.86,M
