Title,Type,Files,Size,IMDB,Spoken Languages,Texted Languages,Tags,Quality (+),Quality (-),Uploaded,By,User Type,Seeders,Leechers,Info Hash,Picture,Capture Date
House of Lies S01E03 Microphallus HDTV XviD-FQM [eztv],205,1,233.29 MiB (244623506 Bytes),,,,,2,0,2012-01-23T05:02:54Z,eztv,[V],201,9,8910422D7F09A4B4B6C3691BAF7ED3D63B8DCC93,,2012-05-29T03:29:04Z
