Filename,Size,Unit
01-Potrait.flac,43.79,M
02-Lars meets Jeff.flac,33.68,M
03-DannyÂ´s Dream.flac,44.55,M
04-Fedja.flac,36.83,M
05-Decent Eyes.flac,53.86,M
06-For fans only.flac,24.93,M
07-Merlin.flac,42.85,M
08-Be Careful.flac,40.07,M
09-Silhoutte.flac,31.26,M
Andreas.jpg,26.69,K
