Title,Type,Files,Size,IMDB,Spoken Languages,Texted Languages,Tags,Quality (+),Quality (-),Uploaded,By,User Type,Seeders,Leechers,Info Hash,Picture,Capture Date
Pokémon: The Movie 2000,201,1,751.43 MiB (787933436 Bytes),http://www.imdb.com/title/tt0257001/,,,"""pokemon 2000""",1,0,2011-02-25T03:39:48Z,jmanwf,[T],45,2,662CABB26E54FD0E9773FEED5EC942B4C8347798,http://image.bayimg.com/oaekhaada.jpg,2012-06-27T07:11:06Z
