Filename,Size,Unit
cover/Noll tolerans SW cover.jpg,452.95,K
cover/nolltolerans.jpg,44.8,K
file/Johan Falk - Noll Tolerans) (1999).iso,3.73,G
Info TBS/Black-Sam.txt,124,B
Info TBS/Torrent_downloaded_from_AhaShare.txt,107,B
Info TBS/Torrent_downloaded_from_Demonoid.me.txt,46,B
Info TBS/Tracked by H33T.txt,19,B
