Filename,Size,Unit
01. Gimme Gimme Good Lovin - Helix.flac,23.26,M
02. Kids Are All Shakin - Helix.flac,31.51,M
03. Heavy Metal Love - Helix.flac,21.55,M
04. That Day Is Gonna Come - Helix.flac,38.5,M
05. Dream On - Helix.flac,25.93,M
06. Deep Cuts The Knife - Helix.flac,29.25,M
07. (Make Me Do) Anything You Want - Helix.flac,26.62,M
08. Good To The Last Drop - Helix.flac,32.65,M
"09. Wild In The Streets , No Rest For The Wicked - Helix.flac",32.97,M
10. Touch Of Magic - Helix.flac,21.86,M
11. Rock You - Helix.flac,21.8,M
freedom.h33t.txt,39,B
Helix - Smash Hits... Unplugged!.log,10.56,K
Helix - Smash Hits... Unplugged!.m3u,906,B
Smash Hits... Unplugged!.cue,2.14,K
