User Type,Username,Date,Text
,Massacare,2011-07-14T07:39Z,"thanks dude..
I'm downloading..:D"
,User7501,2011-07-25T20:03Z,"thanks for the excellent quality
your awesome man
i'm seeding this"
[T],Vitamin_X,2011-07-26T17:22Z,You are more than welcome. :)
