Filename,Size,Unit
Elmers Wife Fisting Anal Young Pussy Extreme Cervix Bondage Sm Bdsm Extreme Big Speculum.avi,38.33,M
