Filename,Size,Unit
01.Ghetto Religion (Feat. R. Kelly).mp3,8.3,M
02.We Trying To Stay Alive (Feat. John Forte & Pras).mp3,7.52,M
03.Perfect Gentleman.mp3,9.73,M
04.911 (Feat. Mary J.Blige).mp3,10.06,M
05.Gone Till November (Feat. Canibus).mp3,8.26,M
06.Guantanamera (Feat. Refugee Allstars).mp3,10.53,M
07.Hey Girl (Feat. Ayesha & Papa Don).mp3,8.21,M
08.It Doesn't Matter (Feat. The Rock & Melky Sedeck).mp3,9.24,M
09.Anything Can Happen.mp3,10.68,M
10.Thug Angels (Feat. Turing Small World).mp3,15.32,M
11.Gunpowder (Feat. Refugee Allstars).mp3,10.3,M
12.Knockin' On Heaven's Door.mp3,9.41,M
"13.Runaway (Feat. Earth, Wind & Fire & The Product G&B).mp3",11.48,M
14.Wish You Were Here.mp3,9.54,M
15.To All The Girls (Feat. Refugee Allstars).mp3,10.07,M
16.Two Wrongs (Feat. Claudette Ortiz Of City High).mp3,8.95,M
"17.No Woman, No Cry (The Fugees).mp3",9.98,M
wyclef jean-back.jpg,73.84,K
wyclef jean-greatest hits.jpg,96.91,K
