Filename,Size,Unit
DriftMod1.ISO,437.38,M
