User Type,Username,Date,Text
,morfeas1975,2011-02-26T21:19Z,HI
