Title,Type,Files,Size,IMDB,Spoken Languages,Texted Languages,Tags,Quality (+),Quality (-),Uploaded,By,User Type,Seeders,Leechers,Info Hash,Picture,Capture Date
Megan Fox Sexy Wallpapers 1920x1200 {Set - 07},603,2,15.19 MiB (15930024 Bytes),,,,"""Megan Fox Wallpapers"",""Megan Fox pictures"",""Megan Fox"",""Megan"",""Fox"",""Megan Fox Wallpaper Pack"",""Models"",""1920x1200"",""girls"",""Transformers girl"",""hot chicks""",0,0,2011-12-20T10:06:39Z,MrTPB,,0,1,700F5CAAA30B19BF2D110625062B59A61EED5196,,2012-05-14T21:00:20Z
