Title,Type,Files,Size,IMDB,Spoken Languages,Texted Languages,Tags,Quality (+),Quality (-),Uploaded,By,User Type,Seeders,Leechers,Info Hash,Picture,Capture Date
"Campbell Creative Cooking With Soup : Over 19,000 Delicious Mix ",601,3,24.4 MiB (25585996 Bytes),,,English,,0,0,2011-08-16T02:00:57Z,MANTESH,[V],8,1,3A802D53D416FE2C26C0467ED7E6CBCC8E58BE36,,2012-06-13T20:58:11Z
