Filename,Size,Unit
Lloyd Pye - Starchild DNA Discovery 2010 Lecture.avi,699.69,M
