Title,Type,Files,Size,IMDB,Spoken Languages,Texted Languages,Tags,Quality (+),Quality (-),Uploaded,By,User Type,Seeders,Leechers,Info Hash,Picture,Capture Date
England in the Seventeenth Century - Maurice Ashley,601,2,3.62 MiB (3790661 Bytes),,,English,,0,0,2011-09-11T15:36:22Z,rosie1966,,3,1,5398A75F7A9B51117BCD38C315B119061D33A023,,2012-06-12T09:45:21Z
