Filename,Size,Unit
Sharpay's.Fabulous.Adventure.2011.BRRip.x264.Feel-Free.mp4,2.15,G
vlcsnap-00004.png,1.36,M
vlcsnap-00001.png,1.24,M
vlcsnap-00003.png,1.07,M
vlcsnap-00002.png,1.04,M
qo3h5q034mpx6nfqpz83.png,633.96,K
Sharpay's.Fabulous.Adventure.2011.BRRip.x264.Feel-Free,2.61,K
