Filename,Size,Unit
vlc-2.0.0-rc1-branch-20120116-0207-win32.exe,20.83,M
