Title,Type,Files,Size,IMDB,Spoken Languages,Texted Languages,Tags,Quality (+),Quality (-),Uploaded,By,User Type,Seeders,Leechers,Info Hash,Picture,Capture Date
Edvard Persson - Kvinnorna kring Larsson.mpg,201,1,3.65 GiB (3916851204 Bytes),,Swedish,,,0,0,2011-11-05T01:43:50Z,Smenirynge,,2,0,EB3765F5D7738EC394CFD60B824995533208268F,,2012-05-19T22:34:01Z
