Filename,Size,Unit
03 Broken Land.mp3,6.88,M
04 Hands To Heaven.mp3,5.75,M
05 No More 'I Love You's.mp3,5.47,M
01 Parade.mp3,5.44,M
06 Tower Of Strength.mp3,5.36,M
08 Love Is A Wonderful Colour.mp3,5.22,M
07 Waves.mp3,5.18,M
09 The Promise You Made.mp3,5,M
10 You're A Big Girl Now.mp3,4.89,M
02 The Promise.mp3,4.57,M
