MICROSOFT.WINDOWS.SERVER.2008.R2.HPC.RTM.WITH.SP1.X64.RETAIL.ENGLISH.DVD-WZT
BUILD: 7601.17514.101119-1850
FILE: 7601.17514.101119-1850_x64fre_serverhpc_en-us_Retail-GRMSHxFRER_EN_DVD.iso
SIZE: 2,900,875,264 byte
SHA-1: 85464A8FD13314A2D81E833C9AB43B8F79BDA995
MD5: 4364ADD66A404C634A8FBDCE9296753B
CRC: 04FEACC4
NOTE: this is original M$ image.
by W.Z.T