Title,Type,Files,Size,IMDB,Spoken Languages,Texted Languages,Tags,Quality (+),Quality (-),Uploaded,By,User Type,Seeders,Leechers,Info Hash,Picture,Capture Date
Sandra Romain (Big Tits In Sports),501,1,387.53 MiB (406356827 Bytes),,English,,"""xXx"",""Boobs"",""Hard""",0,0,2011-10-07T12:28:08Z,HornyKitty,[V],1,3,0CB8BCC76F7889FCD7ECC94A1B2FA1F90E4E3A13,,2012-05-24T23:21:49Z
