Title,Type,Files,Size,IMDB,Spoken Languages,Texted Languages,Tags,Quality (+),Quality (-),Uploaded,By,User Type,Seeders,Leechers,Info Hash,Picture,Capture Date
The.Restoration.Man.S02E01.480p.HDTV.x264-mSD,205,4,261.17 MiB (273859439 Bytes),,,,,0,0,2012-01-06T14:30:31Z,scenebalance,[V],1,0,493F56FDE415E951CFFC9F0901A3B3B5FC2D58D7,,2012-05-13T22:40:55Z
