Filename,Size,Unit
Bejeweled 3 v1.0.8.6128.dmg,90.87,M
