Title,Type,Files,Size,IMDB,Spoken Languages,Texted Languages,Tags,Quality (+),Quality (-),Uploaded,By,User Type,Seeders,Leechers,Info Hash,Picture,Capture Date
Celeste Star's The Teen Hunter (Filly Films) DvDRip.CD1 -10.31.,501,1,699.99 MiB (733997056 Bytes),,English,,,0,0,2012-01-26T08:54:37Z,scree30,[T],2,0,3B2C3E9ADCDBBBF02B06471A16FC86AFFDEFF461,,2012-05-28T22:59:02Z
