User Type,Username,Date,Text
,tumbling,2011-11-29T12:21Z,Please seeeed!
