Filename,Size,Unit
cockified_big.wmv,482.54,M
