Filename,Size,Unit
domino-bandbone.nfo,672,B
domino-bandbones.avi,700.17,M
