Filename,Size,Unit
pantyhoseline_g642_Paulina&Nicholas.wmv,474.59,M
pantyhoseline_g646_Nora&Nicholas.wmv,445.98,M
pantyhoseline_g636_Tina&Rolf.wmv,439.04,M
pantyhoseline_g634_Elvira&Vitas.wmv,405.42,M
pantyhoseline_g640_Joyce&Adam.wmv,399.37,M
pantyhoseline_g629_Paulina&Rolf.wmv,398.05,M
pantyhoseline_g649_Cora&Alfred.wmv,394.54,M
pantyhoseline_g638_Hilda&Nicholas.wmv,335.01,M
pantyhoseline_g633_Gloria&Cyrus.wmv,319.13,M
pantyhoseline_g650_Cora&Alfred.wmv,313.2,M
pantyhoseline_g643_Rita&Donald.wmv,306.3,M
pantyhoseline_g625_Hilda&Rolf.wmv,294.48,M
pantyhoseline_g622_Marina&Nicholas.avi,214.86,M
pantyhoseline_g622_Marina&Nicholas.avi.JPG,581,K
pantyhoseline_g634_Elvira&Vitas.wmv.JPG,504.32,K
pantyhoseline_g649_Cora&Alfred.wmv.JPG,496.8,K
pantyhoseline_g643_Rita&Donald.wmv.JPG,489.64,K
pantyhoseline_g640_Joyce&Adam.wmv.JPG,488.35,K
qxjjw4.gif,485.11,K
pantyhoseline_g650_Cora&Alfred.wmv.JPG,484.92,K
pantyhoseline_g638_Hilda&Nicholas.wmv.JPG,472.96,K
pantyhoseline_g642_Paulina&Nicholas.wmv.JPG,469.16,K
pantyhoseline_g636_Tina&Rolf.wmv.JPG,465.22,K
pantyhoseline_g633_Gloria&Cyrus.wmv.JPG,447.53,K
pantyhoseline_g629_Paulina&Rolf.wmv.JPG,442.9,K
pantyhoseline_g625_Hilda&Rolf.wmv.JPG,437.05,K
pantyhoseline_g646_Nora&Nicholas.wmv.JPG,412.28,K
ussr-red-star2.jpg,9.29,K
