User Type,Username,Date,Text
,ekarth22,2011-02-06T05:21Z,"Only a few porn-actress can compete with Laurie's oiled booty :D

You ROCK!
Thanks a tonnes for this!"
,piyalsilva,2011-02-06T06:20Z,welcome
