User Type,Username,Date,Text
,Ryaar,2010-12-29T04:39Z,thnk you.....keep it up:)
,LH-TAIMI,2011-01-01T16:59Z,"Notes, good move seed if you like it;D"
,streetthug,2011-01-03T14:04Z,GUYS PLEASE SEED ALL scOrp RELEASES TO KEEP THEM ALIVE ALWAYS PLEASE....Thank you...:)
