Filename,Size,Unit
Please Read This Guide First Now.txt,493,B
Sample/vild-history.channel.prehistoric.mega.storms.noahs.great.flood.hdtv.xvid.sample.avi,10.71,M
vild-history.channel.prehistoric.mega.storms.noahs.great.flood.hdtv.xvid.avi,349.8,M
vild-history.channel.prehistoric.mega.storms.noahs.great.flood.hdtv.xvid.nfo,219,B
www.Torrentday.com.txt,493,B
