Filename,Size,Unit
Nacido.Para.Matar[DVDRip][Castellano](www.TorrentSpain.com).avi,717.55,M
