Filename,Size,Unit
000-va-love_box_vol_2-(sccd144)-2cd-2011 - www.0daymusic.org.m3u,52,B
000-va-love_box_vol_2-(sccd144)-2cd-2011 - www.0daymusic.org.nfo,2.46,K
000-va-love_box_vol_2-(sccd144)-2cd-2011 - www.0daymusic.org.sfv,72,B
000-va-love_box_vol_2-(sccd144)-2cd-2011-proof - www.0daymusic.org.jpg,844.5,K
100-va-love_box_vol_2-(sccd144)-2cd-2011 - www.0daymusic.org.cue,1.68,K
100-va-love_box_vol_2-(sccd144)-2cd-2011 - www.0daymusic.org.m3u,27,B
101-va-love_box_vol_2 - www.0daymusic.org.mp3,117.64,M
200-va-love_box_vol_2-(sccd144)-2cd-2011 - www.0daymusic.org.cue,1.69,K
200-va-love_box_vol_2-(sccd144)-2cd-2011 - www.0daymusic.org.m3u,27,B
201-va-love_box_vol_2 - www.0daymusic.org.mp3,125.79,M
