Title,Type,Files,Size,IMDB,Spoken Languages,Texted Languages,Tags,Quality (+),Quality (-),Uploaded,By,User Type,Seeders,Leechers,Info Hash,Picture,Capture Date
[SweetSophieMoone.com / PixAndVideo.com / 21Sextury.com] Sophie ,501,1,884.9 MiB (927885428 Bytes),,,,,0,0,2011-02-10T04:52:57Z,exmnova,[T],1,1,40915D6D8D3B1D015433193CE03976C4F2C8C25D,,2012-06-28T03:03:55Z
