Filename,Size,Unit
AMD_Catalyst_11.5a_Hotfix_8.85.6RC1_Win7_Vista_MobilityMod_May5-@asder00.7z,121.13,M
