Title,Type,Files,Size,IMDB,Spoken Languages,Texted Languages,Tags,Quality (+),Quality (-),Uploaded,By,User Type,Seeders,Leechers,Info Hash,Picture,Capture Date
Wannabes.NI.S01E01.WEBRip.XviD-W4F,205,4,233.1 MiB (244424695 Bytes),,,,,0,0,2011-09-06T02:12:29Z,TvTeam,[V],0,2,A13E0B502B1C26F2CB45CDEF70E9B5DE3F71AC49,,2012-06-12T16:56:22Z
