Title,Type,Files,Size,IMDB,Spoken Languages,Texted Languages,Tags,Quality (+),Quality (-),Uploaded,By,User Type,Seeders,Leechers,Info Hash,Picture,Capture Date
BodyParts.11.11.07.Riley.3.XXX.720p.WMV-BODYPARTS,506,4,354.47 MiB (371683911 Bytes),,,,,0,0,2011-12-24T22:19:50Z,Anonymous,,0,1,BFDC4803C47D9436FEBBB9018BAD7A344EFD0A4A,,2012-05-14T15:30:50Z
