Filename,Size,Unit
1911.Revolution.2011.720p.BDRip.XviD.AC3-ViSiON.avi,3.23,G
READ this before playing the Movie.txt,473,B
SAMPLE.avi,49.29,M
Subs/English.srt,126.84,K
vision.nfo,20.12,K
www.Torrenting.com.txt,473,B
