Filename,Size,Unit
download from www.scenetime.com.txt,189,B
pit.bulls.and.parolees.s02e10.trial.by.fire.hdtv.xvid-momentum.part01.rar,14.31,M
pit.bulls.and.parolees.s02e10.trial.by.fire.hdtv.xvid-momentum.part02.rar,14.31,M
pit.bulls.and.parolees.s02e10.trial.by.fire.hdtv.xvid-momentum.part03.rar,14.31,M
pit.bulls.and.parolees.s02e10.trial.by.fire.hdtv.xvid-momentum.part04.rar,14.31,M
pit.bulls.and.parolees.s02e10.trial.by.fire.hdtv.xvid-momentum.part05.rar,14.31,M
pit.bulls.and.parolees.s02e10.trial.by.fire.hdtv.xvid-momentum.part06.rar,14.31,M
pit.bulls.and.parolees.s02e10.trial.by.fire.hdtv.xvid-momentum.part07.rar,14.31,M
pit.bulls.and.parolees.s02e10.trial.by.fire.hdtv.xvid-momentum.part08.rar,14.31,M
pit.bulls.and.parolees.s02e10.trial.by.fire.hdtv.xvid-momentum.part09.rar,14.31,M
pit.bulls.and.parolees.s02e10.trial.by.fire.hdtv.xvid-momentum.part10.rar,14.31,M
pit.bulls.and.parolees.s02e10.trial.by.fire.hdtv.xvid-momentum.part11.rar,14.31,M
pit.bulls.and.parolees.s02e10.trial.by.fire.hdtv.xvid-momentum.part12.rar,14.31,M
pit.bulls.and.parolees.s02e10.trial.by.fire.hdtv.xvid-momentum.part13.rar,14.31,M
pit.bulls.and.parolees.s02e10.trial.by.fire.hdtv.xvid-momentum.part14.rar,14.31,M
pit.bulls.and.parolees.s02e10.trial.by.fire.hdtv.xvid-momentum.part15.rar,14.31,M
pit.bulls.and.parolees.s02e10.trial.by.fire.hdtv.xvid-momentum.part16.rar,14.31,M
pit.bulls.and.parolees.s02e10.trial.by.fire.hdtv.xvid-momentum.part17.rar,14.31,M
pit.bulls.and.parolees.s02e10.trial.by.fire.hdtv.xvid-momentum.part18.rar,14.31,M
pit.bulls.and.parolees.s02e10.trial.by.fire.hdtv.xvid-momentum.part19.rar,14.31,M
pit.bulls.and.parolees.s02e10.trial.by.fire.hdtv.xvid-momentum.part20.rar,14.31,M
pit.bulls.and.parolees.s02e10.trial.by.fire.hdtv.xvid-momentum.part21.rar,14.31,M
pit.bulls.and.parolees.s02e10.trial.by.fire.hdtv.xvid-momentum.part22.rar,14.31,M
pit.bulls.and.parolees.s02e10.trial.by.fire.hdtv.xvid-momentum.part23.rar,14.31,M
pit.bulls.and.parolees.s02e10.trial.by.fire.hdtv.xvid-momentum.part24.rar,14.31,M
pit.bulls.and.parolees.s02e10.trial.by.fire.hdtv.xvid-momentum.part25.rar,6.34,M
pit.bulls.and.parolees.s02e10.trial.by.fire.hdtv.xvid-momentum.sfv,2.05,K
Read This Guide Now.txt,189,B
