Filename,Size,Unit
Ella&Nicholas.wmv,418.51,M
