Title,Type,Files,Size,IMDB,Spoken Languages,Texted Languages,Tags,Quality (+),Quality (-),Uploaded,By,User Type,Seeders,Leechers,Info Hash,Picture,Capture Date
Breakin.Em.In.15.XXX.DVDRip.XviD-STARLETS,501,3,2.05 GiB (2196767286 Bytes),,English,English,,0,0,2012-01-28T08:12:12Z,kelvin09,[T],6,5,C57F7FEE949C9CCF3AC819F29CF6E2613A21C00E,,2012-05-28T19:35:23Z
