Title,Type,Files,Size,IMDB,Spoken Languages,Texted Languages,Tags,Quality (+),Quality (-),Uploaded,By,User Type,Seeders,Leechers,Info Hash,Picture,Capture Date
The.Lavender.Hill.Mob.DVDRip.H264.AAC.Gopo,201,5,1.02 GiB (1093059139 Bytes),http://www.imdb.com/title/tt0044829/,English,English,"""Comedy | Crime""",1,0,2011-03-19T14:50:21Z,kriss_kringle,[T],14,6,A9D9C1E856FFAFEAB39B62253101387F946AFE4D,http://image.bayimg.com/faegdaadi.jpg,2012-06-25T10:48:06Z
