Title,Type,Files,Size,IMDB,Spoken Languages,Texted Languages,Tags,Quality (+),Quality (-),Uploaded,By,User Type,Seeders,Leechers,Info Hash,Picture,Capture Date
Chicks and Cars [FAP],503,276,17.95 MiB (18827121 Bytes),,,,,0,0,2011-12-20T00:58:39Z,FAP_RG,[V],1,0,FE5CEEA4046F2ED9C7F4AC576AC73433DA79D6FD,,2012-05-14T21:26:38Z
