Filename,Size,Unit
Sample/Sample.mkv,26.23,M
Sample/Torrent downloaded from AhaShare.com.txt,59,B
Sample/Torrent Downloaded from TorrentState.com.txt,46,B
Sample/Torrent downloaded from demonoid.me.txt,46,B
Sample/Torrent downloaded from Sceneunderground.org.txt,44,B
Sample/tracked_by_h33t_com.txt,23,B
Screenshots/4.PNG,727.91,K
Screenshots/1.PNG,618.22,K
Screenshots/2.PNG,600.56,K
Screenshots/3.PNG,555.34,K
Screenshots/5.png,553.98,K
Subtitle/English.srt,70.9,K
From Paris With Love 2010 720p BRRip H.264 5.1 AC3-frapper(HDScene Release).mkv,1.93,G
cover.jpg,57.9,K
SceneUnderground.nfo,6.88,K
