Filename,Size,Unit
LegiÃ£o Urbana - Rock in Rio 2011.mkv,824.38,M
