Filename,Size,Unit
compass.warwick.thornton.ws.pdtv.xvid-rta.nfo,7.76,K
compass.warwick.thornton.ws.pdtv.xvid-rta.r00,14.31,M
compass.warwick.thornton.ws.pdtv.xvid-rta.r01,14.31,M
compass.warwick.thornton.ws.pdtv.xvid-rta.r02,14.31,M
compass.warwick.thornton.ws.pdtv.xvid-rta.r03,14.31,M
compass.warwick.thornton.ws.pdtv.xvid-rta.r04,14.31,M
compass.warwick.thornton.ws.pdtv.xvid-rta.r05,14.31,M
compass.warwick.thornton.ws.pdtv.xvid-rta.r06,14.31,M
compass.warwick.thornton.ws.pdtv.xvid-rta.r07,14.31,M
compass.warwick.thornton.ws.pdtv.xvid-rta.r08,14.31,M
compass.warwick.thornton.ws.pdtv.xvid-rta.r09,14.31,M
compass.warwick.thornton.ws.pdtv.xvid-rta.r10,14.31,M
compass.warwick.thornton.ws.pdtv.xvid-rta.r11,14.31,M
compass.warwick.thornton.ws.pdtv.xvid-rta.r12,14.31,M
compass.warwick.thornton.ws.pdtv.xvid-rta.r13,14.31,M
compass.warwick.thornton.ws.pdtv.xvid-rta.r14,14.31,M
compass.warwick.thornton.ws.pdtv.xvid-rta.r15,4.31,M
compass.warwick.thornton.ws.pdtv.xvid-rta.rar,14.31,M
compass.warwick.thornton.ws.pdtv.xvid-rta.sfv,952,B
Downloaded from www.scenetime.com.txt,195,B
Read This Guide First.txt,195,B
Sample/sample-compass.warwick.thornton.ws.pdtv.xvid-rta.avi,9.37,M
