Title,Type,Files,Size,IMDB,Spoken Languages,Texted Languages,Tags,Quality (+),Quality (-),Uploaded,By,User Type,Seeders,Leechers,Info Hash,Picture,Capture Date
World.of.Masturbation.Casting.12.German.XXX.DVDRiP.XviD-CHiKANi,501,2,1.37 GiB (1468471555 Bytes),,,,,0,0,2011-01-26T01:05:19Z,chkm8te,[V],1,2,CD113D024E8779DE00A159C72C3AE72743B9670E,,2012-06-28T20:09:10Z
