User Type,Username,Date,Text
[H],HeroMaster,2011-01-07T14:11Z,ENJOY The Freebie 2010 Limited DVDRip by ViP3R.
