Title,Type,Files,Size,IMDB,Spoken Languages,Texted Languages,Tags,Quality (+),Quality (-),Uploaded,By,User Type,Seeders,Leechers,Info Hash,Picture,Capture Date
Jimmy.Fallon.2011.03.16.Amy.Poehler.720p.HDTV.x264-BFF,208,27,1.09 GiB (1173858960 Bytes),,,,,0,0,2011-03-20T19:25:54Z,sceneline,[V],1,0,E65DCEA20A4B72D711A02D94EBD67AADD7B0E125,,2012-06-25T09:17:08Z
