User Type,Username,Date,Text
,hankly,2011-02-06T15:47Z,Another PDF.  No can use.  Thanks anyway.
,TPBWhore,2011-02-07T08:22Z,PDF...don't bother.
