Filename,Size,Unit
Downton Abbey DVD1/VIDEO_TS/VIDEO_TS.BUP,16,K
Downton Abbey DVD1/VIDEO_TS/VIDEO_TS.IFO,16,K
Downton Abbey DVD1/VIDEO_TS/VIDEO_TS.VOB,3.16,M
Downton Abbey DVD1/VIDEO_TS/VTS_01_0.BUP,144,K
Downton Abbey DVD1/VIDEO_TS/VTS_01_0.IFO,144,K
Downton Abbey DVD1/VIDEO_TS/VTS_01_0.VOB,214.26,M
Downton Abbey DVD1/VIDEO_TS/VTS_01_1.VOB,1024,M
Downton Abbey DVD1/VIDEO_TS/VTS_01_2.VOB,1024,M
Downton Abbey DVD1/VIDEO_TS/VTS_01_3.VOB,1024,M
Downton Abbey DVD1/VIDEO_TS/VTS_01_4.VOB,921.1,M
Downton Abbey DVD1/VIDEO_TS/VTS_02_0.BUP,14,K
Downton Abbey DVD1/VIDEO_TS/VTS_02_0.IFO,14,K
Downton Abbey DVD1/VIDEO_TS/VTS_02_1.VOB,18.88,M
Downton Abbey DVD1/VIDEO_TS/VTS_03_0.BUP,18,K
Downton Abbey DVD1/VIDEO_TS/VTS_03_0.IFO,18,K
Downton Abbey DVD1/VIDEO_TS/VTS_03_0.VOB,28.75,M
Downton Abbey DVD1/VIDEO_TS/VTS_03_1.VOB,9.15,M
Downton Abbey DVD1/VIDEO_TS/VTS_04_0.BUP,18,K
Downton Abbey DVD1/VIDEO_TS/VTS_04_0.IFO,18,K
Downton Abbey DVD1/VIDEO_TS/VTS_04_0.VOB,29.01,M
Downton Abbey DVD1/VIDEO_TS/VTS_04_1.VOB,14,K
Downton Abbey DVD2/VIDEO_TS/VIDEO_TS.BUP,16,K
Downton Abbey DVD2/VIDEO_TS/VIDEO_TS.IFO,16,K
Downton Abbey DVD2/VIDEO_TS/VIDEO_TS.VOB,3.24,M
Downton Abbey DVD2/VIDEO_TS/VTS_01_0.BUP,130,K
Downton Abbey DVD2/VIDEO_TS/VTS_01_0.IFO,130,K
Downton Abbey DVD2/VIDEO_TS/VTS_01_0.VOB,226.72,M
Downton Abbey DVD2/VIDEO_TS/VTS_01_1.VOB,1024,M
Downton Abbey DVD2/VIDEO_TS/VTS_01_2.VOB,1024,M
Downton Abbey DVD2/VIDEO_TS/VTS_01_3.VOB,1024,M
Downton Abbey DVD2/VIDEO_TS/VTS_01_4.VOB,903.84,M
Downton Abbey DVD2/VIDEO_TS/VTS_02_0.BUP,14,K
Downton Abbey DVD2/VIDEO_TS/VTS_02_0.IFO,14,K
Downton Abbey DVD2/VIDEO_TS/VTS_02_1.VOB,18.88,M
Downton Abbey DVD2/VIDEO_TS/VTS_03_0.BUP,18,K
Downton Abbey DVD2/VIDEO_TS/VTS_03_0.IFO,18,K
Downton Abbey DVD2/VIDEO_TS/VTS_03_0.VOB,28.76,M
Downton Abbey DVD2/VIDEO_TS/VTS_03_1.VOB,9.15,M
Downton Abbey DVD2/VIDEO_TS/VTS_04_0.BUP,18,K
Downton Abbey DVD2/VIDEO_TS/VTS_04_0.IFO,18,K
Downton Abbey DVD2/VIDEO_TS/VTS_04_0.VOB,29.05,M
Downton Abbey DVD2/VIDEO_TS/VTS_04_1.VOB,14,K
Downton Abbey DVD3/VIDEO_TS/VIDEO_TS.BUP,18,K
Downton Abbey DVD3/VIDEO_TS/VIDEO_TS.IFO,18,K
Downton Abbey DVD3/VIDEO_TS/VIDEO_TS.VOB,1.35,M
Downton Abbey DVD3/VIDEO_TS/VTS_01_0.BUP,74,K
Downton Abbey DVD3/VIDEO_TS/VTS_01_0.IFO,74,K
Downton Abbey DVD3/VIDEO_TS/VTS_01_0.VOB,229.06,M
Downton Abbey DVD3/VIDEO_TS/VTS_01_1.VOB,1024,M
Downton Abbey DVD3/VIDEO_TS/VTS_01_2.VOB,1024,M
Downton Abbey DVD3/VIDEO_TS/VTS_01_3.VOB,624.34,M
Downton Abbey DVD3/VIDEO_TS/VTS_02_0.BUP,14,K
Downton Abbey DVD3/VIDEO_TS/VTS_02_0.IFO,14,K
Downton Abbey DVD3/VIDEO_TS/VTS_02_1.VOB,16.96,M
Downton Abbey DVD3/VIDEO_TS/VTS_03_0.BUP,18,K
Downton Abbey DVD3/VIDEO_TS/VTS_03_0.IFO,18,K
Downton Abbey DVD3/VIDEO_TS/VTS_03_0.VOB,27.75,M
Downton Abbey DVD3/VIDEO_TS/VTS_03_1.VOB,8.68,M
Downton Abbey DVD3/VIDEO_TS/VTS_04_0.BUP,20,K
Downton Abbey DVD3/VIDEO_TS/VTS_04_0.IFO,20,K
Downton Abbey DVD3/VIDEO_TS/VTS_04_1.VOB,406.53,M
Downton Abbey DVD3/VIDEO_TS/VTS_05_0.BUP,22,K
Downton Abbey DVD3/VIDEO_TS/VTS_05_0.IFO,22,K
Downton Abbey DVD3/VIDEO_TS/VTS_05_1.VOB,569.9,M
Downton Abbey DVD3/VIDEO_TS/VTS_06_0.BUP,16,K
Downton Abbey DVD3/VIDEO_TS/VTS_06_0.IFO,16,K
Downton Abbey DVD3/VIDEO_TS/VTS_06_1.VOB,335.08,M
Downton Abbey DVD3/VIDEO_TS/VTS_07_0.BUP,18,K
Downton Abbey DVD3/VIDEO_TS/VTS_07_0.IFO,18,K
Downton Abbey DVD3/VIDEO_TS/VTS_07_0.VOB,29.2,M
Downton Abbey DVD3/VIDEO_TS/VTS_07_1.VOB,14,K
INFO TBS/Black-Sam.txt,128,B
INFO TBS/Downton Abbey Seizoen 1 NL subs TV Serie 2010 TBS.txt,2.73,K
INFO TBS/Read.Me.1st.[Movie-Torrentz].txt,2.19,K
INFO TBS/Thumbs.db,10,K
INFO TBS/Torrent Downloaded from SilverTorrents.me.txt,41,B
INFO TBS/Torrent Downloaded from deemtrack.in.txt,44,B
INFO TBS/Torrent_downloaded_from_AhaShare.com.txt,601,B
INFO TBS/Torrent_downloaded_from_Demonoid.com.txt,591,B
INFO TBS/Torrent_downloaded_from_www.puretorrents.cc.txt,36,B
INFO TBS/poster.jpg,89.59,K
INFO TBS/www.black-Sam org     Kom eens Langs !.jpg,13.1,K
