Title,Type,Files,Size,IMDB,Spoken Languages,Texted Languages,Tags,Quality (+),Quality (-),Uploaded,By,User Type,Seeders,Leechers,Info Hash,Picture,Capture Date
Pilgrims' Way...Wayside Courtesies(2011)[FLAC],104,15,284.66 MiB (298488960 Bytes),,,,"""folk""",0,0,2011-09-12T09:34:12Z,dickspic,[V],1,2,FC67C6E077AF4AB3A04908BE5619F02FBDAFA2C1,,2012-06-12T08:47:51Z
