User Type,Username,Date,Text
,AGADIL,2011-08-13T17:55Z,thanks seeds to be need 
,bronco4,2011-08-15T15:47Z,"Come on you SEEDERS! 
We all need you now!!!!
I thought you had come 
home from your vacation!!! ;-)"
,yupitsme86,2011-10-17T23:51Z,PLEEZ SEED! Once I have it I'll seed.
,thangdh,2011-10-24T04:19Z,pls seed
