Filename,Size,Unit
01-jan_vayne_and_armin_van_buuren-classical_trancelations-int.mp3,122.06,M
02-jan_vayne_and_armin_van_buuren-classical_trancelations-int.mp3,170.25,M
folder.jpg,76.2,K
