Title,Type,Files,Size,IMDB,Spoken Languages,Texted Languages,Tags,Quality (+),Quality (-),Uploaded,By,User Type,Seeders,Leechers,Info Hash,Picture,Capture Date
coast to coast am. 2011-03-10 - Japan Quake & Tsunami,199,5,53.15 MiB (55734516 Bytes),,,,"""coast to""",0,0,2011-03-11T16:25:13Z,mscowlove,,1,1,630A9871A1A7832FEA40E0F27A19AA8A99B2388B,,2012-06-26T04:33:40Z
