Filename,Size,Unit
Sample/i-idkhsdi.sample.avi,7.69,M
i-idkhsdi.avi,699.93,M
i-idkhsdi.nfo,429,B
