Filename,Size,Unit
jimmy.kimmel.2011.05.24.hdtv.xvid-fqm.nfo,8.75,K
jimmy.kimmel.2011.05.24.hdtv.xvid-fqm.r00,19.07,M
jimmy.kimmel.2011.05.24.hdtv.xvid-fqm.r01,19.07,M
jimmy.kimmel.2011.05.24.hdtv.xvid-fqm.r02,19.07,M
jimmy.kimmel.2011.05.24.hdtv.xvid-fqm.r03,19.07,M
jimmy.kimmel.2011.05.24.hdtv.xvid-fqm.r04,19.07,M
jimmy.kimmel.2011.05.24.hdtv.xvid-fqm.r05,19.07,M
jimmy.kimmel.2011.05.24.hdtv.xvid-fqm.r06,19.07,M
jimmy.kimmel.2011.05.24.hdtv.xvid-fqm.r07,19.07,M
jimmy.kimmel.2011.05.24.hdtv.xvid-fqm.r08,19.07,M
jimmy.kimmel.2011.05.24.hdtv.xvid-fqm.r09,19.07,M
jimmy.kimmel.2011.05.24.hdtv.xvid-fqm.r10,19.07,M
jimmy.kimmel.2011.05.24.hdtv.xvid-fqm.r11,19.07,M
jimmy.kimmel.2011.05.24.hdtv.xvid-fqm.r12,19.07,M
jimmy.kimmel.2011.05.24.hdtv.xvid-fqm.r13,19.07,M
jimmy.kimmel.2011.05.24.hdtv.xvid-fqm.r14,19.07,M
jimmy.kimmel.2011.05.24.hdtv.xvid-fqm.r15,19.07,M
jimmy.kimmel.2011.05.24.hdtv.xvid-fqm.r16,19.07,M
jimmy.kimmel.2011.05.24.hdtv.xvid-fqm.r17,7.03,M
jimmy.kimmel.2011.05.24.hdtv.xvid-fqm.rar,19.07,M
jimmy.kimmel.2011.05.24.hdtv.xvid-fqm.sfv,988,B
