Filename,Size,Unit
hot_juice_big.wmv,499.02,M
5777206cov.jpg,31.14,K
1789150hot.jpg,23.28,K
