Filename,Size,Unit
Rango.2011.PORTUGUESE-9.mkv,1.18,G
