Filename,Size,Unit
Ice.La.Fox.Ice.Ice.Baby.Remaster.01.27.2012.HD.720p.HD.mp4,632.58,M
