Title,Type,Files,Size,IMDB,Spoken Languages,Texted Languages,Tags,Quality (+),Quality (-),Uploaded,By,User Type,Seeders,Leechers,Info Hash,Picture,Capture Date
Zack Hemsey - Mind Heist - OST Inception Theatrical Trailer [320,101,1,4.96 MiB (5204682 Bytes),,,,"""Mind Heist"",""Inception"",""Zack Hemsey""",6,0,2011-03-22T05:22:07Z,krzzy,,19,0,C7A009D82329C9154C91647F35269AF2FE4BEE83,,2012-06-25T07:36:41Z
