Filename,Size,Unit
KatyPerryUpskirt.rar,5.61,M
