Filename,Size,Unit
E. Nesbit - The Story of the Amulet (BBC).mp3,81.49,M
Torrent downloaded from Demonoid.me.txt,46,B
