Filename,Size,Unit
Bassinho.wmv,5.53,M
