Filename,Size,Unit
"DMT NFO, Read before Playing.txt",1.58,K
dmt4.png,78.32,K
the.big.year.2011.avi,802.46,M
Torrent downloaded from Demonoid.me.txt,46,B
