User Type,Username,Date,Text
,Dangolbery,2011-03-25T07:49Z,"Thanks.

http://equarrydishonorabrr.blogspot.com"
,bospooier,2011-04-09T02:34Z,please seed! seed! seed!
