Filename,Size,Unit
iguana-whttm.xvid.nfo,14.58,K
iguana-whttm.xvid.r00,14.31,M
iguana-whttm.xvid.r01,14.31,M
iguana-whttm.xvid.r02,14.31,M
iguana-whttm.xvid.r03,14.31,M
iguana-whttm.xvid.r04,14.31,M
iguana-whttm.xvid.r05,14.31,M
iguana-whttm.xvid.r06,14.31,M
iguana-whttm.xvid.r07,14.31,M
iguana-whttm.xvid.r08,14.31,M
iguana-whttm.xvid.r09,14.31,M
iguana-whttm.xvid.r10,14.31,M
iguana-whttm.xvid.r11,14.31,M
iguana-whttm.xvid.r12,14.31,M
iguana-whttm.xvid.r13,14.31,M
iguana-whttm.xvid.r14,14.31,M
iguana-whttm.xvid.r15,14.31,M
iguana-whttm.xvid.r16,14.31,M
iguana-whttm.xvid.r17,14.31,M
iguana-whttm.xvid.r18,14.31,M
iguana-whttm.xvid.r19,14.31,M
iguana-whttm.xvid.r20,14.31,M
iguana-whttm.xvid.r21,14.31,M
iguana-whttm.xvid.r22,14.31,M
iguana-whttm.xvid.r23,14.31,M
iguana-whttm.xvid.r24,14.31,M
iguana-whttm.xvid.r25,14.31,M
iguana-whttm.xvid.r26,14.31,M
iguana-whttm.xvid.r27,14.31,M
iguana-whttm.xvid.r28,14.31,M
iguana-whttm.xvid.r29,14.31,M
iguana-whttm.xvid.r30,14.31,M
iguana-whttm.xvid.r31,14.31,M
iguana-whttm.xvid.r32,14.31,M
iguana-whttm.xvid.r33,14.31,M
iguana-whttm.xvid.r34,14.31,M
iguana-whttm.xvid.r35,14.31,M
iguana-whttm.xvid.r36,14.31,M
iguana-whttm.xvid.r37,14.31,M
iguana-whttm.xvid.r38,14.31,M
iguana-whttm.xvid.r39,14.31,M
iguana-whttm.xvid.r40,14.31,M
iguana-whttm.xvid.r41,14.31,M
iguana-whttm.xvid.r42,14.31,M
iguana-whttm.xvid.r43,14.31,M
iguana-whttm.xvid.r44,14.31,M
iguana-whttm.xvid.r45,14.31,M
iguana-whttm.xvid.r46,14.31,M
iguana-whttm.xvid.r47,14.31,M
iguana-whttm.xvid.r48,3.11,M
iguana-whttm.xvid.rar,14.31,M
iguana-whttm.xvid.sfv,1.56,K
Proof/iguana-whttm.xvid.proof.jpg,2.31,M
Read this before playing this Video .txt,192,B
Sample/iguana-whttm.xvid.sample.avi,10.3,M
torrent downloaded from www.scenetime.com.txt,192,B
