Filename,Size,Unit
Limitless 2011 R5 LiNE XViD - IMAGiNE SAMPLE.avi,8.61,M
Limitless 2011 R5 LiNE XViD - IMAGiNE.NFO,4.93,K
UsaBit.com_Limitless 2011 R5 LiNE XViD - IMAGiNE.avi,1.34,G
