Filename,Size,Unit
10-31-2011 One Life to Live.avi,151.66,M
