Title,Type,Files,Size,IMDB,Spoken Languages,Texted Languages,Tags,Quality (+),Quality (-),Uploaded,By,User Type,Seeders,Leechers,Info Hash,Picture,Capture Date
OnlyTeenBlowjobs - Michelle,501,1,805.65 MiB (844786175 Bytes),,,,,0,0,2011-10-21T04:25:48Z,RockSaltS,,1,1,BBF95758C6F4E4E71E7D2A8AC5DB62A62BFC8E05,,2012-05-24T00:30:52Z
