Title,Type,Files,Size,IMDB,Spoken Languages,Texted Languages,Tags,Quality (+),Quality (-),Uploaded,By,User Type,Seeders,Leechers,Info Hash,Picture,Capture Date
IFuckedHerFinally.-.Dorothy,501,1,373.84 MiB (391998263 Bytes),,,,,0,0,2011-01-09T23:42:44Z,exmnova,[T],0,0,A208839828CC85E6BCDAACA26BAC3390133E28A2,,2012-06-29T16:13:47Z
