BUILD: 7601.17514.101119-1850
7601.17514.101119-1850_x64fre_professional_ru-ru_VL_OEM_Professional-GRMCPRXVOL_RU_DVD.iso
SIZE: 3,073,140,736 byte
SHA-1: 80C6D59296C9A9FD04870660CBCA8FE5043C4C6D
MD5: 1762D25F81B3C6EA82206465942E5D00
CRC: 88911C08