Filename,Size,Unit
13862-SkinDiamond Day 2.wmv,499.87,M
