User Type,Username,Date,Text
,epiplon,2012-02-07T21:15Z,"Woah, thanks! Love Rush!"
of the best i think you should get out of the house a Little More Often!
