Filename,Size,Unit
Faster (2010) BRRip 720p [Hindi + Eng](www.mastitorrents.com).mkv,614.57,M
www.mastitorrents.com.txt,312,B
sample.mkv,6.37,M
