Filename,Size,Unit
Torrent downloaded from Demonoid.com.txt,47,B
jersey.shore.s02e18.pdtv.xvid-fqm.nfo,9.17,K
jersey.shore.s02e18.pdtv.xvid-fqm.r00,19.07,M
jersey.shore.s02e18.pdtv.xvid-fqm.r01,19.07,M
jersey.shore.s02e18.pdtv.xvid-fqm.r02,19.07,M
jersey.shore.s02e18.pdtv.xvid-fqm.r03,19.07,M
jersey.shore.s02e18.pdtv.xvid-fqm.r04,19.07,M
jersey.shore.s02e18.pdtv.xvid-fqm.r05,19.07,M
jersey.shore.s02e18.pdtv.xvid-fqm.r06,19.07,M
jersey.shore.s02e18.pdtv.xvid-fqm.r07,19.07,M
jersey.shore.s02e18.pdtv.xvid-fqm.r08,19.07,M
jersey.shore.s02e18.pdtv.xvid-fqm.r09,19.07,M
jersey.shore.s02e18.pdtv.xvid-fqm.r10,19.07,M
jersey.shore.s02e18.pdtv.xvid-fqm.r11,19.07,M
jersey.shore.s02e18.pdtv.xvid-fqm.r12,19.07,M
jersey.shore.s02e18.pdtv.xvid-fqm.r13,19.07,M
jersey.shore.s02e18.pdtv.xvid-fqm.r14,19.07,M
jersey.shore.s02e18.pdtv.xvid-fqm.r15,19.07,M
jersey.shore.s02e18.pdtv.xvid-fqm.r16,19.07,M
jersey.shore.s02e18.pdtv.xvid-fqm.r17,6.99,M
jersey.shore.s02e18.pdtv.xvid-fqm.rar,19.07,M
jersey.shore.s02e18.pdtv.xvid-fqm.sfv,912,B
