Filename,Size,Unit
Downloaded from www.scenetime.com.txt,195,B
Read This Guide First.txt,195,B
Toys.1992.DVDRip.XviD-NNH.avi,1.62,G
