Filename,Size,Unit
download from www.scenetime.com.txt,134,B
Read This Guide Now.txt,134,B
vild-national.geographic.2210.the.collapse.hdtv.xvid.nfo,188,B
vild-national.geographic.2210.the.collapse.hdtv.xvid.r00,14.31,M
vild-national.geographic.2210.the.collapse.hdtv.xvid.r01,14.31,M
vild-national.geographic.2210.the.collapse.hdtv.xvid.r02,14.31,M
vild-national.geographic.2210.the.collapse.hdtv.xvid.r03,14.31,M
vild-national.geographic.2210.the.collapse.hdtv.xvid.r04,14.31,M
vild-national.geographic.2210.the.collapse.hdtv.xvid.r05,14.31,M
vild-national.geographic.2210.the.collapse.hdtv.xvid.r06,14.31,M
vild-national.geographic.2210.the.collapse.hdtv.xvid.r07,14.31,M
vild-national.geographic.2210.the.collapse.hdtv.xvid.r08,14.31,M
vild-national.geographic.2210.the.collapse.hdtv.xvid.r09,14.31,M
vild-national.geographic.2210.the.collapse.hdtv.xvid.r10,14.31,M
vild-national.geographic.2210.the.collapse.hdtv.xvid.r11,14.31,M
vild-national.geographic.2210.the.collapse.hdtv.xvid.r12,14.31,M
vild-national.geographic.2210.the.collapse.hdtv.xvid.r13,14.31,M
vild-national.geographic.2210.the.collapse.hdtv.xvid.r14,14.31,M
vild-national.geographic.2210.the.collapse.hdtv.xvid.r15,14.31,M
vild-national.geographic.2210.the.collapse.hdtv.xvid.r16,14.31,M
vild-national.geographic.2210.the.collapse.hdtv.xvid.r17,14.31,M
vild-national.geographic.2210.the.collapse.hdtv.xvid.r18,14.31,M
vild-national.geographic.2210.the.collapse.hdtv.xvid.r19,14.31,M
vild-national.geographic.2210.the.collapse.hdtv.xvid.r20,14.31,M
vild-national.geographic.2210.the.collapse.hdtv.xvid.r21,14.31,M
vild-national.geographic.2210.the.collapse.hdtv.xvid.r22,14.31,M
vild-national.geographic.2210.the.collapse.hdtv.xvid.r23,14.31,M
vild-national.geographic.2210.the.collapse.hdtv.xvid.r24,14.31,M
vild-national.geographic.2210.the.collapse.hdtv.xvid.r25,14.31,M
vild-national.geographic.2210.the.collapse.hdtv.xvid.r26,14.31,M
vild-national.geographic.2210.the.collapse.hdtv.xvid.r27,14.31,M
vild-national.geographic.2210.the.collapse.hdtv.xvid.r28,14.31,M
vild-national.geographic.2210.the.collapse.hdtv.xvid.r29,14.31,M
vild-national.geographic.2210.the.collapse.hdtv.xvid.r30,14.31,M
vild-national.geographic.2210.the.collapse.hdtv.xvid.r31,14.31,M
vild-national.geographic.2210.the.collapse.hdtv.xvid.r32,14.31,M
vild-national.geographic.2210.the.collapse.hdtv.xvid.r33,14.31,M
vild-national.geographic.2210.the.collapse.hdtv.xvid.r34,14.31,M
vild-national.geographic.2210.the.collapse.hdtv.xvid.r35,14.31,M
vild-national.geographic.2210.the.collapse.hdtv.xvid.r36,14.31,M
vild-national.geographic.2210.the.collapse.hdtv.xvid.r37,14.31,M
vild-national.geographic.2210.the.collapse.hdtv.xvid.r38,14.31,M
vild-national.geographic.2210.the.collapse.hdtv.xvid.r39,14.31,M
vild-national.geographic.2210.the.collapse.hdtv.xvid.r40,14.31,M
vild-national.geographic.2210.the.collapse.hdtv.xvid.r41,14.31,M
vild-national.geographic.2210.the.collapse.hdtv.xvid.r42,14.31,M
vild-national.geographic.2210.the.collapse.hdtv.xvid.r43,14.31,M
vild-national.geographic.2210.the.collapse.hdtv.xvid.r44,14.31,M
vild-national.geographic.2210.the.collapse.hdtv.xvid.r45,14.31,M
vild-national.geographic.2210.the.collapse.hdtv.xvid.r46,14.31,M
vild-national.geographic.2210.the.collapse.hdtv.xvid.r47,13.28,M
vild-national.geographic.2210.the.collapse.hdtv.xvid.rar,14.31,M
vild-national.geographic.2210.the.collapse.hdtv.xvid.sfv,3.21,K
