User Type,Username,Date,Text
,teamholmez86,2012-04-22T20:46Z,"thanks for this .BONE. :) im downloading now will give A/V/M when finished, thanks again bone, much appreciated for all your effort :):)"
