Title,Type,Files,Size,IMDB,Spoken Languages,Texted Languages,Tags,Quality (+),Quality (-),Uploaded,By,User Type,Seeders,Leechers,Info Hash,Picture,Capture Date
This.Aint.Two.And.A.Half.Men.XXX.Parody.XXX.DVDRip.XviD.FLESHLiG,501,3,700.44 MiB (734467328 Bytes),,,,,0,0,2011-07-01T11:34:24Z,chkm8te,[V],14,4,F546B1E4BFCA32A4B0372FD50EDA28F60458A2FF,,2012-06-17T10:33:25Z
