Filename,Size,Unit
[1]  lesbo  Riley Steele+Diamond Foxxx  (9Ð¼=720-405=163Ð¼Ð±) (Ð¸Ð· Ð,Ð°Ð¹Ð»Ð¸ Ð¡ÑÐ¸Ð» - Ð£Ð´Ð¾Ð²Ð»ÐµÑÐ²Ð¾ÑÐµÐ½Ð¸Ðµ=2011).mp4,163.29,M
