Filename,Size,Unit
House.of.Wax[2005]DvDrip[Eng]-aXXo.avi,701.8,M
