Filename,Size,Unit
064. Mark Knight and Michael Woods - Banger (Original Club Mix).mp3,22.32,M
100. Ellen Allien - My Tree (Ripperton Backlash Remix).mp3,21.29,M
079. Efdemin - There Will Be Singing (DJ Koze Remix).mp3,20.58,M
035. Phunk Investigation - Wall of Sound (Original Club Mix).mp3,20.54,M
085. Clockwork -  It's You Again (Original Mix).mp3,20.3,M
043. Funkagenda - Budgie (Original Club Mix).mp3,20.08,M
070. Afrojack - Esther (Original Mix).mp3,19.51,M
045. Umek and Traumer - She Never Wants To Come Down (Original Mix).mp3,19.51,M
091. Jon Rundell - Flex (Original Mix).mp3,18.84,M
011. Supernova - Beat Me Back (Original Club Mix).mp3,18.73,M
069. Mike Spaccavento - Thats Done It (Original Club Mix).mp3,18.54,M
001. Tiesto and Mark Knight feat. Dino - Beautiful World (Original Club Mix).mp3,17.98,M
065. Above and Beyond feat. Richard Bedford - Sun and Moon (Club Mix).mp3,17.89,M
095. Tiesto and Marcel Woods - Don't Ditch (Original Mix).mp3,17.82,M
013. Paul Thomas - Ultraviolet (Original Club Mix).mp3,17.81,M
023. Faithless - Sun To Me (Mark Knight Co-production Mix).mp3,17.72,M
093. Acki Kokotos and Cirez D - Tommorow (Original Mix).mp3,17.68,M
033. Gabriel Rocha - Ride On Time (Original Club Mix).mp3,17.64,M
062. Ferreck Dawn - Kabeya (Original Club Mix).mp3,17.64,M
058. Hayley Parsons - Next Stop AU (Original Mix).mp3,17.63,M
028. ATFC - Tropicana (Original Club Mix).mp3,17.62,M
008. 123XYZ - Groove Amigos (Original Club Mix).mp3,17.22,M
047. Mord Fustang - Milky Way (Original Mix).mp3,17.22,M
053. Tensnake - Coma Cat (Mark Knight's Korma Cat Remix).mp3,17.09,M
022. Pete Griffiths and Ant Brooks - Filtered (Original Club Mix).mp3,16.93,M
092. Oscar - l NY Funk (Original Mix).mp3,16.92,M
026. Moguai feat. Sofi - Beat of the Drum (Club Mix).mp3,16.81,M
044. Weekend Heroes - Fear Factor (Original Mix).mp3,16.78,M
034. Stefano Noferini - Move Your Body (Original Mix).mp3,16.71,M
076. EDX - Embrace (Original Club Mix).mp3,16.6,M
014. Calvin Harris - Awooga (Original Mix).mp3,16.59,M
006. Umek and PHNTM - Dead Space (Original Club Mix).mp3,16.58,M
024. Funkagenda feat. Big Ed - Afterclub (Riva Starr Remix).mp3,16.55,M
"087. Max Farenthide - 1, 2, 3  Four Max Is On The Floor (Club Mix).mp3",16.48,M
081. Joris Voorn - UnTITLED Dub Vol. 1.mp3,16.44,M
099. David Tort feat. Gosha - One Look (Original Mix).mp3,16.44,M
042. Michael Woods - Nitro (Original Club Mix).mp3,16.43,M
086. Dean Newton - Kuraitani (Original Mix).mp3,16.38,M
082. Koen Groeneveld - CVR (Original Club Mix).mp3,16.35,M
055. Joan Reyes and Bass Kleph - Salida.mp3,16.34,M
007. Gabriel Rocha - Drunken Russian (DJ PP Edit).mp3,16.25,M
017. Stefano Noferini - Kids (Original Club Mix).mp3,16.06,M
004. Diddy and Dirty Money - Coming Home (Dirty South Club Mix DRM).mp3,16.01,M
012. Fatboy Slim and Lazy Rich - Gangster Trippin 2011 (Lazy Rich Remix).mp3,15.77,M
050. Ron May - Sexy Sax (Original Mix).mp3,15.72,M
009. Joris Voorn - Incident (Miyagi) (Original Mix).mp3,15.64,M
077. Filthy Rich - Fluble (Original Club Mix).mp3,15.6,M
063. Hauswerks - I Said (Original Club Mix).mp3,15.58,M
057. Umek and PHNTM - Freaks On The Floor (Original Mix).mp3,15.58,M
061. A.C.N. and Alexander Avilla - Makes Me Wonder (Maydn Remix).mp3,15.54,M
046. D.Ramirez and Mara feat. Steve Edwards - Keep Us Together (Original Club Mix).mp3,15.51,M
038. Hertz - Red Ryder (Original Club Mix).mp3,15.49,M
074. Crazibiza vs. Madison Ave. - My Lips Dont Call Me (Adrian Villaverde Mashup).mp3,15.46,M
080. Mike Vale - Rising up (Original Mix).mp3,15.36,M
041. Koen Groeneveld - Minimums (Original Club Mix).mp3,15.31,M
066. Tiefschwarz - The Whistler (Nic Fanciulli Remix).mp3,15.29,M
037. Avicii vs. Sebastien Drums - Snus (Original Mix).mp3,15.25,M
015. Christian Cambas - The Robospanker (Original Club Mix).mp3,15.2,M
060. Elay Lazutkin - Ibiza (Original Mix).mp3,15.17,M
094. Patric La Funk and Fedde Le Grand - Autosave (Original Mix).mp3,15.1,M
031. TV Rock and Hook N Sling feat. Rudy - Diamonds In The Sky (Original Mix).mp3,14.97,M
"096. Darius Syrossian - Stay Up Dancing, Get In Monday (Original Mix).mp3",14.93,M
052. Da Fresh - That Body (Original Club Mix).mp3,14.92,M
090. Ferry Corsten - Punk (Arty Rock-n-Rolla Mix).mp3,14.76,M
059. Houseshaker and DJ Nico feat. Alexander - Music (Tune Brothers Remix).mp3,14.62,M
021. Christian Fischer - Gtx Drift (Original Mix).mp3,14.58,M
098. Benoit and Sergio - Walk and Talk (Original Mix).mp3,14.52,M
078. NiCe7 - Point (Original Mix).mp3,14.43,M
083. Mats Mattara feat. Rockman - Opera (World Extended Mix).mp3,14.33,M
030. Truelove - Get Down (Original Mix).mp3,14.31,M
089. Umek - Sarajevo (Original Club Mix).mp3,14.28,M
071. Manuel De La Mare and Luigi Rocca - Ghetto Heaven (Original Mix).mp3,14.27,M
025. Zedd - Legend Of Zelda (Original Mix).mp3,14.21,M
018. Maya Jane Coles - Humming Bird.mp3,14.19,M
068. Uto Karem - Utopolys (Original Mix).mp3,14.17,M
039. Zedd - Legend Of Zelda (Electrixx Remix).mp3,14.14,M
072. Rico Bernasconi - Tearing Up The Club (Club Mix).mp3,14.14,M
003. Richard Dinsdale - One Step (Original Club Mix).mp3,14.04,M
056. Alex Martello and Guby Feat. Danelle Harvey - Better Day (David Jones Rework).mp3,14.04,M
097. Hertz and Subway Baby - Exterminine (Original Mix).mp3,13.84,M
002. Fedde Le Grand - Control Room (Original Club Mix).mp3,13.79,M
073. Simone Cattaneo and Alex Gardini - Its Like That (Main Mix).mp3,13.73,M
"016. Scooter, Lavelle and Sue Cho - Beats Inside My Head (Donald Glaude and Revolvr Remix).mp3",13.68,M
010. Mark Knight - Yalta Groove (Original Club Mix).mp3,13.58,M
036. Jay C and Felix Baumgartner - Souk (Thomas Gold Remix).mp3,13.33,M
088. Chrizz Luvly - Amen (Original Mix).mp3,13.02,M
048. Peter Gelderblom - Waiting 4 (Manuel De La Mare Remix).mp3,12.93,M
040. Mac Zimms - Fy Feelings (Original Mix).mp3,12.37,M
019. Dada Life - Fight Club Is Closed (Original Mix).mp3,12.28,M
075. Laurent Wolf feat. Jonathan Mendelsohn - Love We Got (Club Mix).mp3,12.25,M
054. Housemade - Move Your Ass (Extended Mix).mp3,12.17,M
084. Homework - The Street (Original Mix).mp3,12.14,M
020. Matteo Dimarr and  Adam K - Bum Bom (Original Mix).mp3,11.66,M
027. Thomas Gold - Marsch Marsch (Original Mix).mp3,11.57,M
051. Alex Kenji - My Oscar (Original Mix).mp3,11.56,M
049. Hirshee feat. Tonye Aganaba - So Good (Rico Tubbs Remix).mp3,11.53,M
029. Die & Interface feat. William Cartwright - Bright Lights (Sidney Samson Remix).mp3,11,M
032. Afrojack - Doing It Right (Original Mix).mp3,10.54,M
005. Deadmau5 - HR 8938 Cephei (Original Mix).mp3,9.95,M
067. Who Made Who - Every Minute alone (Tale of Us Mix).mp3,8.19,M
005. Deadmau5 - HR 8938 Cephei (Original Mix).mxm,126.37,K
064. Mark Knight and Michael Woods - Banger (Original Club Mix).mxm,115.34,K
100. Ellen Allien - My Tree (Ripperton Backlash Remix).mxm,110.79,K
079. Efdemin - There Will Be Singing (DJ Koze Remix).mxm,107.74,K
035. Phunk Investigation - Wall of Sound (Original Club Mix).mxm,107.27,K
085. Clockwork -  It's You Again (Original Mix).mxm,106.6,K
084. Homework - The Street (Original Mix).mxm,105.87,K
043. Funkagenda - Budgie (Original Club Mix).mxm,105.3,K
070. Afrojack - Esther (Original Mix).mxm,103.15,K
045. Umek and Traumer - She Never Wants To Come Down (Original Mix).mxm,102.73,K
091. Jon Rundell - Flex (Original Mix).mxm,100.08,K
011. Supernova - Beat Me Back (Original Club Mix).mxm,99.44,K
069. Mike Spaccavento - Thats Done It (Original Club Mix).mxm,98.46,K
001. Tiesto and Mark Knight feat. Dino - Beautiful World (Original Club Mix).mxm,96.03,K
065. Above and Beyond feat. Richard Bedford - Sun and Moon (Club Mix).mxm,95.65,K
095. Tiesto and Marcel Woods - Don't Ditch (Original Mix).mxm,95.37,K
013. Paul Thomas - Ultraviolet (Original Club Mix).mxm,95.32,K
023. Faithless - Sun To Me (Mark Knight Co-production Mix).mxm,94.96,K
062. Ferreck Dawn - Kabeya (Original Club Mix).mxm,94.81,K
093. Acki Kokotos and Cirez D - Tommorow (Original Mix).mxm,94.73,K
033. Gabriel Rocha - Ride On Time (Original Club Mix).mxm,94.72,K
058. Hayley Parsons - Next Stop AU (Original Mix).mxm,94.57,K
028. ATFC - Tropicana (Original Club Mix).mxm,94.41,K
032. Afrojack - Doing It Right (Original Mix).mxm,94.14,K
047. Mord Fustang - Milky Way (Original Mix).mxm,92.8,K
008. 123XYZ - Groove Amigos (Original Club Mix).mxm,92.74,K
053. Tensnake - Coma Cat (Mark Knight's Korma Cat Remix).mxm,92.16,K
022. Pete Griffiths and Ant Brooks - Filtered (Original Club Mix).mxm,91.52,K
092. Oscar - l NY Funk (Original Mix).mxm,91.43,K
026. Moguai feat. Sofi - Beat of the Drum (Club Mix).mxm,91.05,K
044. Weekend Heroes - Fear Factor (Original Mix).mxm,90.71,K
034. Stefano Noferini - Move Your Body (Original Mix).mxm,90.52,K
006. Umek and PHNTM - Dead Space (Original Club Mix).mxm,90.01,K
014. Calvin Harris - Awooga (Original Mix).mxm,89.97,K
076. EDX - Embrace (Original Club Mix).mxm,89.94,K
024. Funkagenda feat. Big Ed - Afterclub (Riva Starr Remix).mxm,89.89,K
"087. Max Farenthide - 1, 2, 3  Four Max Is On The Floor (Club Mix).mxm",89.63,K
081. Joris Voorn - UnTITLED Dub Vol. 1.mxm,89.32,K
099. David Tort feat. Gosha - One Look (Original Mix).mxm,89.31,K
042. Michael Woods - Nitro (Original Club Mix).mxm,89.22,K
067. Who Made Who - Every Minute alone (Tale of Us Mix).mxm,88.96,K
086. Dean Newton - Kuraitani (Original Mix).mxm,88.94,K
055. Joan Reyes and Bass Kleph - Salida.mxm,88.87,K
082. Koen Groeneveld - CVR (Original Club Mix).mxm,88.79,K
007. Gabriel Rocha - Drunken Russian (DJ PP Edit).mxm,88.36,K
017. Stefano Noferini - Kids (Original Club Mix).mxm,87.54,K
004. Diddy and Dirty Money - Coming Home (Dirty South Club Mix DRM).mxm,87.41,K
012. Fatboy Slim and Lazy Rich - Gangster Trippin 2011 (Lazy Rich Remix).mxm,86.55,K
050. Ron May - Sexy Sax (Original Mix).mxm,86.15,K
009. Joris Voorn - Incident (Miyagi) (Original Mix).mxm,85.95,K
077. Filthy Rich - Fluble (Original Club Mix).mxm,85.77,K
063. Hauswerks - I Said (Original Club Mix).mxm,85.69,K
057. Umek and PHNTM - Freaks On The Floor (Original Mix).mxm,85.39,K
061. A.C.N. and Alexander Avilla - Makes Me Wonder (Maydn Remix).mxm,85.37,K
046. D.Ramirez and Mara feat. Steve Edwards - Keep Us Together (Original Club Mix).mxm,85.15,K
038. Hertz - Red Ryder (Original Club Mix).mxm,85.05,K
074. Crazibiza vs. Madison Ave. - My Lips Dont Call Me (Adrian Villaverde Mashup).mxm,84.94,K
080. Mike Vale - Rising up (Original Mix).mxm,84.57,K
041. Koen Groeneveld - Minimums (Original Club Mix).mxm,84.34,K
066. Tiefschwarz - The Whistler (Nic Fanciulli Remix).mxm,84.23,K
037. Avicii vs. Sebastien Drums - Snus (Original Mix).mxm,84.11,K
015. Christian Cambas - The Robospanker (Original Club Mix).mxm,83.74,K
060. Elay Lazutkin - Ibiza (Original Mix).mxm,83.6,K
031. TV Rock and Hook N Sling feat. Rudy - Diamonds In The Sky (Original Mix).mxm,82.75,K
"096. Darius Syrossian - Stay Up Dancing, Get In Monday (Original Mix).mxm",82.64,K
052. Da Fresh - That Body (Original Club Mix).mxm,82.59,K
090. Ferry Corsten - Punk (Arty Rock-n-Rolla Mix).mxm,81.96,K
059. Houseshaker and DJ Nico feat. Alexander - Music (Tune Brothers Remix).mxm,81.19,K
021. Christian Fischer - Gtx Drift (Original Mix).mxm,81.01,K
098. Benoit and Sergio - Walk and Talk (Original Mix).mxm,80.84,K
078. NiCe7 - Point (Original Mix).mxm,80.47,K
083. Mats Mattara feat. Rockman - Opera (World Extended Mix).mxm,80,K
030. Truelove - Get Down (Original Mix).mxm,79.9,K
071. Manuel De La Mare and Luigi Rocca - Ghetto Heaven (Original Mix).mxm,79.81,K
089. Umek - Sarajevo (Original Club Mix).mxm,79.76,K
025. Zedd - Legend Of Zelda (Original Mix).mxm,79.39,K
018. Maya Jane Coles - Humming Bird.mxm,79.31,K
068. Uto Karem - Utopolys (Original Mix).mxm,79.23,K
072. Rico Bernasconi - Tearing Up The Club (Club Mix).mxm,79.16,K
039. Zedd - Legend Of Zelda (Electrixx Remix).mxm,79.13,K
003. Richard Dinsdale - One Step (Original Club Mix).mxm,78.78,K
056. Alex Martello and Guby Feat. Danelle Harvey - Better Day (David Jones Rework).mxm,78.64,K
097. Hertz and Subway Baby - Exterminine (Original Mix).mxm,78.03,K
073. Simone Cattaneo and Alex Gardini - Its Like That (Main Mix).mxm,77.25,K
"016. Scooter, Lavelle and Sue Cho - Beats Inside My Head (Donald Glaude and Revolvr Remix).mxm",77.13,K
010. Mark Knight - Yalta Groove (Original Club Mix).mxm,76.67,K
036. Jay C and Felix Baumgartner - Souk (Thomas Gold Remix).mxm,75.62,K
088. Chrizz Luvly - Amen (Original Mix).mxm,74.15,K
048. Peter Gelderblom - Waiting 4 (Manuel De La Mare Remix).mxm,73.79,K
040. Mac Zimms - Fy Feelings (Original Mix).mxm,71.22,K
019. Dada Life - Fight Club Is Closed (Original Mix).mxm,70.94,K
075. Laurent Wolf feat. Jonathan Mendelsohn - Love We Got (Club Mix).mxm,70.85,K
054. Housemade - Move Your Ass (Extended Mix).mxm,70.43,K
020. Matteo Dimarr and  Adam K - Bum Bom (Original Mix).mxm,68.13,K
027. Thomas Gold - Marsch Marsch (Original Mix).mxm,67.97,K
049. Hirshee feat. Tonye Aganaba - So Good (Rico Tubbs Remix).mxm,67.72,K
051. Alex Kenji - My Oscar (Original Mix).mxm,67.67,K
029. Die & Interface feat. William Cartwright - Bright Lights (Sidney Samson Remix).mxm,65.27,K
