Filename,Size,Unit
Nika Noire - The Final Countdown [480p].mpg,571.39,M
