Title,Type,Files,Size,IMDB,Spoken Languages,Texted Languages,Tags,Quality (+),Quality (-),Uploaded,By,User Type,Seeders,Leechers,Info Hash,Picture,Capture Date
The.Bucket.List.2007.720p.BluRay.x264-ESiR,207,4,4.41 GiB (4740426247 Bytes),http://www.imdb.com/title/tt0825232/,English,,,59,38,2011-02-20T12:41:46Z,GoodFilms,[V],16,6,52C7EBDABA032C673238F95BC148F98F4D752BCA,,2012-06-27T12:49:14Z
