Title,Type,Files,Size,IMDB,Spoken Languages,Texted Languages,Tags,Quality (+),Quality (-),Uploaded,By,User Type,Seeders,Leechers,Info Hash,Picture,Capture Date
Casting.plus.Votzenspiel.Nr.13.German [porno],501,2,1.37 GiB (1467256832 Bytes),,English,,,0,1,2011-12-20T23:20:12Z,furtaperas,[V],1,3,E4A319A1390002EAA8240737E933071A37AE284E,http://image.bayimg.com/kalohaadh.jpg,2012-05-14T20:12:12Z
