User Type,Username,Date,Text
,pixart9,2011-10-21T23:19Z,thank you!
,chudson90,2012-01-06T21:55Z,"I wanted to request the Macro version.
Brief Principles of Macroeconomics.

http://search.barnesandnoble.com/Brief-Principles-of-Macroeconomics/N-Gregory-Mankiw/e/9780538453073

Cant find edition 6 torrent anywwheres. Thanks in advance!"
,xXMelieXx,2012-05-22T23:11Z,Please seed!!
