Filename,Size,Unit
Chelsea.Lately.2011.12.30.Cooking.with.Roy.HDTV.XviD-NdP.avi,175.09,M
