Filename,Size,Unit
Lounge Anthology CD2/07-Stephane Pompougnac _ Pour Faire Le Portriat d'Un Oiseau.mp3,17.68,M
Lounge Anthology CD2/01-Meitz _ (Mayibuye I) Africa.mp3,17.17,M
Lounge Anthology CD4/15-Cesaria Evora _ Sadade [Live].mp3,17.13,M
Lounge Anthology CD1/04-I_Cube _ Adore.mp3,15.59,M
Lounge Anthology CD3/02-Fedimes Flight (Kyoto Jazz Massive Remix).mp3,15.4,M
Lounge Anthology CD3/10-Love the DJ.mp3,14.54,M
Lounge Anthology CD2/03-Bruno From Ibizia _ Esa Magia.mp3,14.44,M
Lounge Anthology CD3/12-O Nosso Amor.mp3,14.35,M
Lounge Anthology CD4/05-Nightmares On Wax _ Les Nuits.mp3,14.26,M
Lounge Anthology CD4/14-Aromabar & Marschmellows _ Swinging Man.mp3,14.07,M
Lounge Anthology CD4/11-Marschemellows _ Soulpower [Jazzanova Reworked].mp3,13.77,M
Lounge Anthology CD1/06-DJ CAM starring Anggun _ Summer In Paris.mp3,13.58,M
Lounge Anthology CD3/05-Please Don't Leave.mp3,13.5,M
Lounge Anthology CD2/12-Aim _ Interview.mp3,13.16,M
Lounge Anthology CD2/10-Mo Horizons _ Hit the Road Jack (Pe No Estrada).mp3,13,M
Lounge Anthology CD4/06-Flying Pops _ Fly To Me Now.mp3,12.82,M
Lounge Anthology CD2/13-Superdiscount presents Air _ Soldissimo (Etienne de Crecy Remix).mp3,12.34,M
Lounge Anthology CD2/15-Dmitri from Paris featuring Omar _ Strong Man (For Real).mp3,12.23,M
Lounge Anthology CD3/13-Rag 1.mp3,12.08,M
Lounge Anthology CD3/01-Un Simple Histoire (Rewound By Voidd).mp3,11.77,M
Lounge Anthology CD2/02-Claude Challe _ Je Nous Aime.mp3,11.4,M
Lounge Anthology CD1/12-Grand Tourism feat Terry Callier _ Les Courants D'Air.mp3,11.31,M
Lounge Anthology CD4/03-De-Phazz _ Cut The Jazz.mp3,11.21,M
Lounge Anthology CD2/09-Taxi _ A Certain Something (Original Version).mp3,11.01,M
Lounge Anthology CD3/09-Ana A Dounia.mp3,10.93,M
Lounge Anthology CD4/08-StÃ©phane Pompougnac _ Living On The Edge.mp3,10.67,M
Lounge Anthology CD1/08-Kid Loco _ She Is My Lover (A Song For R.).mp3,10.52,M
Lounge Anthology CD3/07-Dia De Yemanja.mp3,10.47,M
Lounge Anthology CD1/01-Gotan Project _ Last Tango In Paris.mp3,10.45,M
Lounge Anthology CD1/10-Alex Gopher _ The Child.mp3,10.41,M
Lounge Anthology CD3/11-Outro Lado.mp3,10.38,M
Lounge Anthology CD3/03-DÃ©cide-toi.mp3,10.13,M
Lounge Anthology CD3/08-Smooth.mp3,9.92,M
Lounge Anthology CD2/14-Suba featuring Cibelle _ Felicidade.mp3,9.91,M
Lounge Anthology CD2/08-Nicola Conte _ Il Cerchio Rossa.mp3,9.86,M
Lounge Anthology CD4/01-Bebel Gilberto _ Cada Beijo [Thievery Corporation Mix].mp3,9.83,M
Lounge Anthology CD1/11-Stereo Action Unlimited _ Hi-Fi Trumpet [Tijuana Variation].mp3,9.81,M
Lounge Anthology CD2/11-The Mighty Bop _ Feeling Good.mp3,9.73,M
Lounge Anthology CD3/14-Irish Coffee.mp3,9.52,M
Lounge Anthology CD1/09-De-Phazz _ The Mambo Craze.mp3,9.49,M
Lounge Anthology CD1/03-Rouge Rouge _ L'Amour.mp3,9.42,M
Lounge Anthology CD4/12-Alphawezen _ Speed Of Light.mp3,9.41,M
Lounge Anthology CD3/04-Onde Anda Meu Amor.mp3,9.3,M
Lounge Anthology CD3/06-Is What It Is What It Is What It Is.mp3,9.15,M
Lounge Anthology CD4/07-Slow Train _ Naturally.mp3,9.05,M
Lounge Anthology CD1/15-Niko _ Womb.mp3,8.88,M
Lounge Anthology CD2/04-Charles Shillings _ No Communication No Love (Devastating).mp3,8.74,M
Lounge Anthology CD4/02-Bonobo _ Days To Come.mp3,8.72,M
Lounge Anthology CD1/14-Koop feat Yukimi Nagano _ Summer Sun [Original Version].mp3,8.61,M
Lounge Anthology CD4/09-Tom & Joyce _ Para Bailar.mp3,8.59,M
Lounge Anthology CD1/07-I Monster _ Daydream In Blue.mp3,8.38,M
Lounge Anthology CD2/05-Djako _ Paris Demain Matin.mp3,8.02,M
Lounge Anthology CD3/15-Metropolitain.mp3,7.91,M
Lounge Anthology CD1/02-Mr. Scruff _ Get A Move On.mp3,7.79,M
Lounge Anthology CD4/13-Wax Tailor feat Charlotte Savary _ Our Dance.mp3,7.76,M
Lounge Anthology CD1/13-Variety Lab _ London In The Rain.mp3,7.75,M
Lounge Anthology CD1/05-Slow Train _ In The Black Of Night.mp3,7.47,M
Lounge Anthology CD4/10-A Reminiscent Drive _ Ambrosia.mp3,7.43,M
Lounge Anthology CD2/06-Sporto Kantes _ Lee.mp3,6.66,M
Lounge Anthology CD4/04-Kelly De Martino _ Bumblebees.mp3,6.1,M
front.jpg,37.69,K
