Filename,Size,Unit
basketball.wives.s03e06.hdtv.xvid-crimson.avi,350.13,M
basketball.wives.s03e06.hdtv.xvid-crimson.nfo,8.5,K
First Read This Guide.txt,513,B
www.Torrentday.com.txt,513,B
