Filename,Size,Unit
TeenMegaWorld - Inga [480p]._.wmv,456.44,M
