Title,Type,Files,Size,IMDB,Spoken Languages,Texted Languages,Tags,Quality (+),Quality (-),Uploaded,By,User Type,Seeders,Leechers,Info Hash,Picture,Capture Date
Curso completo de HTML.pdf,601,1,6.16 MiB (6458460 Bytes),,,,,0,0,2011-04-28T18:16:22Z,robunix,[T],7,1,6024B58B699C483E12872FA5EEC7963818CFD6D7,,2012-06-22T01:44:55Z
