Title,Type,Files,Size,IMDB,Spoken Languages,Texted Languages,Tags,Quality (+),Quality (-),Uploaded,By,User Type,Seeders,Leechers,Info Hash,Picture,Capture Date
Inside.Job.2010.Docu.DVDRip.XviD,201,1,1.25 GiB (1340550512 Bytes),,English,,,1,0,2011-04-13T04:29:11Z,grh99,,6,2,4AB0CC396448F4AC4B3565C6CA70A07067EA530C,,2012-06-22T20:14:33Z
