Title,Type,Files,Size,IMDB,Spoken Languages,Texted Languages,Tags,Quality (+),Quality (-),Uploaded,By,User Type,Seeders,Leechers,Info Hash,Picture,Capture Date
Sweet.&.Nasty.Teens.6.XXX.DVDRip.XviD,501,2,1.37 GiB (1466228736 Bytes),,,,,0,0,2011-09-30T06:43:46Z,chkm8te,[V],0,0,2A6C5E362E5D5EC1743ECEFB3C292089127E2148,,2012-05-25T07:54:00Z
