Filename,Size,Unit
bait.car.s04e17.dsr.xvid-omicron.nfo,8.4,K
bait.car.s04e17.dsr.xvid-omicron.r00,14.31,M
bait.car.s04e17.dsr.xvid-omicron.r01,14.31,M
bait.car.s04e17.dsr.xvid-omicron.r02,14.31,M
bait.car.s04e17.dsr.xvid-omicron.r03,14.31,M
bait.car.s04e17.dsr.xvid-omicron.r04,14.31,M
bait.car.s04e17.dsr.xvid-omicron.r05,14.31,M
bait.car.s04e17.dsr.xvid-omicron.r06,14.31,M
bait.car.s04e17.dsr.xvid-omicron.r07,14.31,M
bait.car.s04e17.dsr.xvid-omicron.r08,14.31,M
bait.car.s04e17.dsr.xvid-omicron.r09,14.31,M
bait.car.s04e17.dsr.xvid-omicron.r10,14.31,M
bait.car.s04e17.dsr.xvid-omicron.r11,2.89,M
bait.car.s04e17.dsr.xvid-omicron.rar,14.31,M
bait.car.s04e17.dsr.xvid-omicron.sfv,611,B
Read this before playing this Video .txt,138,B
torrent downloaded from www.scenetime.com.txt,138,B
