Title,Type,Files,Size,IMDB,Spoken Languages,Texted Languages,Tags,Quality (+),Quality (-),Uploaded,By,User Type,Seeders,Leechers,Info Hash,Picture,Capture Date
Ramona.And.Beezus.2010.Dvdrip Xvid - Rotisunil,201,10,734.56 MiB (770239470 Bytes),,English,,,1,0,2011-05-14T17:05:52Z,Anonymous,,0,3,E142E3F4987C0368D453AFD65D8F3F55B017B27D,,2012-06-20T06:54:55Z
