Filename,Size,Unit
01 Jump Cut Hand Held 1.wmv,1.91,G
