Filename,Size,Unit
True.Blood.S04E07.HDTV.XviD.SweSub.Proper-NN.avi,550.04,M
