User Type,Username,Date,Text
[T],TUXtorrent,2011-10-02T10:22Z,"bone is there anyway you can up the soundtrack album  for this movie 

i cant find it anywher would be helpfull if you could pls thanks 

great work as allways keep it up bro"
[T],TUXtorrent,2011-10-02T10:24Z,Weekender: Soundtrack Gems & Further Inspiration 
