Filename,Size,Unit
Transformers Prime - S01E24 720p.mkv,751.05,M
Transformers Prime - S01E20 720p.mkv,750.27,M
Transformers Prime - S01E07 720p.mkv,749.27,M
Transformers Prime - S01E08 720p.mkv,746.73,M
Transformers Prime - S01E17 720p.mkv,740.34,M
Transformers Prime - S01E01 720p.mkv,737.74,M
Transformers Prime - S01E04 720p.mkv,736.12,M
Transformers Prime - S01E23 720p.mkv,734.63,M
Transformers Prime - S01E05 720p.mkv,733.77,M
Transformers Prime - S01E14 720p.mkv,733.52,M
Transformers Prime - S01E11 720p.mkv,732.22,M
Transformers Prime - S01E13 720p.mkv,731.93,M
Transformers Prime - S01E06 720p.mkv,731.22,M
Transformers Prime - S01E03 720p.mkv,728.16,M
Transformers Prime - S01E16 720p.mkv,727.9,M
Transformers Prime - S01E02 720p.mkv,727.69,M
Transformers Prime - S01E09 720p.mkv,727.5,M
Transformers Prime - S01E25 720p.mkv,727.42,M
Transformers Prime - S01E22 720p.mkv,726.45,M
Transformers Prime - S01E10 720p.mkv,721.76,M
Transformers Prime - S01E26 720p.mkv,711.82,M
Transformers Prime - S01E19 720p.mkv,709.66,M
Transformers Prime - S01E12 720p.mkv,707.72,M
Transformers Prime - S01E18 720p.mkv,705.1,M
Transformers Prime - S01E15 720p.mkv,701.47,M
Transformers Prime - S01E21 720p.mkv,699.17,M
Transformers Prime - S01E02 720p.srt,20.77,K
Transformers Prime - S01E08 720p.srt,20.74,K
Transformers Prime - S01E21 720p.srt,20.25,K
Transformers Prime - S01E24 720p.srt,19.99,K
Transformers Prime - S01E20 720p.srt,19.47,K
Transformers Prime - S01E15 720p.srt,19.04,K
Transformers Prime - S01E13 720p.srt,18.58,K
Transformers Prime - S01E03 720p.srt,18.44,K
Transformers Prime - S01E07 720p.srt,18.43,K
Transformers Prime - S01E05 720p.srt,18.17,K
Transformers Prime - S01E06 720p.srt,17.92,K
Transformers Prime - S01E17 720p.srt,17.84,K
Transformers Prime - S01E10 720p.srt,17.51,K
Transformers Prime - S01E23 720p.srt,17.32,K
Transformers Prime - S01E14 720p.srt,16.32,K
Transformers Prime - S01E16 720p.srt,16.03,K
Transformers Prime - S01E22 720p.srt,15.99,K
Transformers Prime - S01E01 720p.srt,15.97,K
Transformers Prime - S01E26 720p.srt,15.86,K
Transformers Prime - S01E25 720p.srt,15.83,K
Transformers Prime - S01E04 720p.srt,15.54,K
Transformers Prime - S01E18 720p.srt,15.17,K
Transformers Prime - S01E11 720p.srt,15.11,K
Transformers Prime - S01E19 720p.srt,14.86,K
Transformers Prime - S01E09 720p.srt,14.78,K
Transformers Prime - S01E12 720p.srt,10.19,K
