Filename,Size,Unit
AmpliTube.zip,194.36,M
