Filename,Size,Unit
[Met-Art] Inga C - Prinxian [22.12.10_marcco].rar,82.46,M
