Title,Type,Files,Size,IMDB,Spoken Languages,Texted Languages,Tags,Quality (+),Quality (-),Uploaded,By,User Type,Seeders,Leechers,Info Hash,Picture,Capture Date
Infernal Restraint------By a Thread  Mei Mara,501,148,661.42 MiB (693544750 Bytes),,English,,,1,0,2011-09-24T12:22:04Z,merzedes,[V],3,1,B335468857BE7C7E71C775839787E772B126D618,,2012-06-11T14:04:19Z
