Title,Type,Files,Size,IMDB,Spoken Languages,Texted Languages,Tags,Quality (+),Quality (-),Uploaded,By,User Type,Seeders,Leechers,Info Hash,Picture,Capture Date
10cc - The Things We Do For Love - Video,203,1,33.03 MiB (34639144 Bytes),,,,,0,0,2011-04-22T11:13:56Z,Anonymous,,2,0,B5454FA6891C047C353504F72CBE0372FFCCC754,,2012-06-22T09:55:36Z
