Filename,Size,Unit
Alexander SkarsgaÌrd i Jimmy Fallon.mov,422.25,M
