Title,Type,Files,Size,IMDB,Spoken Languages,Texted Languages,Tags,Quality (+),Quality (-),Uploaded,By,User Type,Seeders,Leechers,Info Hash,Picture,Capture Date
Top Gear (New series) Jan-29 2012,205,1,1.59 GiB (1709012879 Bytes),,English,English,"""Top Gear""",1,0,2012-01-30T19:17:48Z,Spetses,[T],4,0,DE6101462F9CB8F65CC915045E35065E9DF7EFE5,http://image.bayimg.com/jamkkaade.jpg,2012-05-28T15:37:23Z
