Title,Type,Files,Size,IMDB,Spoken Languages,Texted Languages,Tags,Quality (+),Quality (-),Uploaded,By,User Type,Seeders,Leechers,Info Hash,Picture,Capture Date
SoapyMassage.11.12.02.Maia.Davis.Bartending.School.XXX.1080p.WMV,506,5,905.17 MiB (949138756 Bytes),,,,,0,0,2011-12-04T12:49:06Z,Anonymous,,0,2,6B27B34CCD71735841610F2301C4DCF3E2D7980A,,2012-05-15T17:02:09Z
