Filename,Size,Unit
Noah's Ark.avi,1.37,G
