Filename,Size,Unit
Google Chrome 12.0.742.53 Beta.exe,21.17,M
