User Type,Username,Date,Text
,onelee,2011-05-16T21:13Z,how do u install this theam ?
,Deathspanka,2011-09-16T08:09Z,Can you please whrite down a how to activate the theme on your computer :) 
