Title,Type,Files,Size,IMDB,Spoken Languages,Texted Languages,Tags,Quality (+),Quality (-),Uploaded,By,User Type,Seeders,Leechers,Info Hash,Picture,Capture Date
BigNaturals - London Reinas,501,7,415.71 MiB (435904391 Bytes),,,,,0,0,2011-10-27T00:34:52Z,RockSaltS,,1,2,D7489CA43D6E05EE75FA1F88D9F55AA24EA78575,,2012-05-22T00:31:31Z
