Title,Type,Files,Size,IMDB,Spoken Languages,Texted Languages,Tags,Quality (+),Quality (-),Uploaded,By,User Type,Seeders,Leechers,Info Hash,Picture,Capture Date
House Music + Random,101,27,159.8 MiB (167557792 Bytes),,,,"""House"",""Music"",""Random""",1,0,2011-09-21T15:25:15Z,TiledBirdAd,,4,0,5DD74AACA2702C66D561910684E540AFB4F148ED,,2012-06-11T17:21:49Z
