Filename,Size,Unit
Dynamic Booty 6 - Jada Stevens.avi,458.08,M
