User Type,Username,Date,Text
,MysticDubz,2011-10-27T23:14Z,Noles506 ur a god :) grtz from Holland.
,Alleyne1,2011-12-11T12:53Z,Very Good Download. Quick And Good Quality. Keep It Up. [SEED]
,IcedCoffeeMate,2011-12-12T22:57Z,"Is it just me or are some of these Zed Dead songs?? I think credit is due somewhere anyways. Great torrent none the less, after being an avid fan of dubstep for the past 2 years it's always nice hearing some good remixes. "
