Title,Type,Files,Size,IMDB,Spoken Languages,Texted Languages,Tags,Quality (+),Quality (-),Uploaded,By,User Type,Seeders,Leechers,Info Hash,Picture,Capture Date
HD Porn - Sunset Diamond 720PHD,506,3,491.49 MiB (515361884 Bytes),,,,,0,0,2011-12-28T16:13:53Z,Anonymous,,2,1,6F63DCDD7E4DDDA19F4BE4AD7ED5974A446AE794,,2012-05-14T11:18:10Z
