Filename,Size,Unit
Gucci Mane - Lemonade (DvDRip Official Video).mkv,40.24,M
