Filename,Size,Unit
11-11-11.2011.SWESUB.AC3.DVDRip.XviD-KickFoot.avi,1.37,G
INFO [READ].txt,1.56,K
Tankat frÃ¥n www.Dreamseed.nu.txt,1.84,K
