Filename,Size,Unit
As.Aventuras.do.Pequeno.Peregrino.2011.DVDR-ZMG.iso,4.36,G
