Title,Type,Files,Size,IMDB,Spoken Languages,Texted Languages,Tags,Quality (+),Quality (-),Uploaded,By,User Type,Seeders,Leechers,Info Hash,Picture,Capture Date
Massage Girls 18 - Holly Michaels,506,1,551.13 MiB (577903043 Bytes),,,,"""Sex"",""Hot""",0,0,2011-10-14T11:52:22Z,FluxXxu,[V],4,1,E580ED66BB4C926D7A6FC4E7A3F3893B2C941A4D,,2012-05-24T13:51:43Z
