Filename,Size,Unit
Millennium_Trilogy_Extended_DVD_EP4.m4v,1.4,G
Millennium_Trilogy_Extended_DVD_EP3.m4v,1.33,G
Millennium_Trilogy_Extended_DVD_EP5.m4v,1.25,G
Millennium_Trilogy_Extended_DVD_EP6.m4v,1.28,G
sample.m4v,7.2,M
Torrent downloaded from Demonoid.me.txt,46,B
Millennium_Trilogy_Extended_DVD_EP2.m4v,907.93,M
Millennium_Trilogy_Extended_DVD_EP1.m4v,845.42,M
Millennium_Trilogy_Extended_DVD_BONUS_Cast_Interviews_(Pelle_Bolander_Thomas_Lindblad).m4v,264.73,M
Millennium_Trilogy_Extended_DVD_BONUS_Cast_Interviews_(Noomi_Rapace).m4v,350.91,M
Millennium_Trilogy_Extended_DVD_BONUS_Documentary.m4v,538.31,M
Millennium_Trilogy_Extended_DVD_BONUS_English_Theatrical_Preview_1.m4v,56.33,M
Millennium_Trilogy_Extended_DVD_Behind_The_Scenes.m4v,183.54,M
Millennium_Trilogy_Extended_DVD_BONUS_Cast_Interviews_(Michael_Nyqvist).m4v,193.75,M
