Filename,Size,Unit
its.always.sunny.in.philadelphia.s06e13.hdtv.xvid-fever.avi,174.16,M
its.always.sunny.in.philadelphia.s06e13.hdtv.xvid-fever.nfo,2.28,K
Please Read This Guide Now.txt,493,B
www.Torrentday.com.txt,493,B
