Filename,Size,Unit
Vector Flowers 2.exe,6.79,M
