Filename,Size,Unit
Gupt-The Hidden Truth 1997 DvDrip x264 AAC ~ Drama  Musical  Thriller ~ [RdY].mkv,1.45,G
