Filename,Size,Unit
www.mastitorrents.com.nfo,659,B
Wrong Turn(2003) Tamil Dubbed 1CD DVDRip XviD(www.mastitorrents.com).mkv,697.98,M
-=MTR=- [Masti Torrents Releasers].txt,169,B
