User Type,Username,Date,Text
,Kokua651,2011-12-15T05:08Z,Thanks a lot. 
www.imagebam.com/image/bc6768164548471
