Filename,Size,Unit
Foxwell - Pro OpenSolaris - A New Open Source OS for Linux Developers and Administrators (Apress 2009)BBS.pdf,22.44,M
