Filename,Size,Unit
Harleys.Hill.2011.DVDRip.XviD-aAF/aaf-harleys.hill.2011.dvdrip.xvid.jpg,6.78,K
Harleys.Hill.2011.DVDRip.XviD-aAF/aaf-harleys.hill.2011.dvdrip.xvid.nfo,11.71,K
Harleys.Hill.2011.DVDRip.XviD-aAF/aaf-harleys.hill.2011.dvdrip.xvid.r00,14.31,M
Harleys.Hill.2011.DVDRip.XviD-aAF/aaf-harleys.hill.2011.dvdrip.xvid.r01,14.31,M
Harleys.Hill.2011.DVDRip.XviD-aAF/aaf-harleys.hill.2011.dvdrip.xvid.r02,14.31,M
Harleys.Hill.2011.DVDRip.XviD-aAF/aaf-harleys.hill.2011.dvdrip.xvid.r03,14.31,M
Harleys.Hill.2011.DVDRip.XviD-aAF/aaf-harleys.hill.2011.dvdrip.xvid.r04,14.31,M
Harleys.Hill.2011.DVDRip.XviD-aAF/aaf-harleys.hill.2011.dvdrip.xvid.r05,14.31,M
Harleys.Hill.2011.DVDRip.XviD-aAF/aaf-harleys.hill.2011.dvdrip.xvid.r06,14.31,M
Harleys.Hill.2011.DVDRip.XviD-aAF/aaf-harleys.hill.2011.dvdrip.xvid.r07,14.31,M
Harleys.Hill.2011.DVDRip.XviD-aAF/aaf-harleys.hill.2011.dvdrip.xvid.r08,14.31,M
Harleys.Hill.2011.DVDRip.XviD-aAF/aaf-harleys.hill.2011.dvdrip.xvid.r09,14.31,M
Harleys.Hill.2011.DVDRip.XviD-aAF/aaf-harleys.hill.2011.dvdrip.xvid.r10,14.31,M
Harleys.Hill.2011.DVDRip.XviD-aAF/aaf-harleys.hill.2011.dvdrip.xvid.r11,14.31,M
Harleys.Hill.2011.DVDRip.XviD-aAF/aaf-harleys.hill.2011.dvdrip.xvid.r12,14.31,M
Harleys.Hill.2011.DVDRip.XviD-aAF/aaf-harleys.hill.2011.dvdrip.xvid.r13,14.31,M
Harleys.Hill.2011.DVDRip.XviD-aAF/aaf-harleys.hill.2011.dvdrip.xvid.r14,14.31,M
Harleys.Hill.2011.DVDRip.XviD-aAF/aaf-harleys.hill.2011.dvdrip.xvid.r15,14.31,M
Harleys.Hill.2011.DVDRip.XviD-aAF/aaf-harleys.hill.2011.dvdrip.xvid.r16,14.31,M
Harleys.Hill.2011.DVDRip.XviD-aAF/aaf-harleys.hill.2011.dvdrip.xvid.r17,14.31,M
Harleys.Hill.2011.DVDRip.XviD-aAF/aaf-harleys.hill.2011.dvdrip.xvid.r18,14.31,M
Harleys.Hill.2011.DVDRip.XviD-aAF/aaf-harleys.hill.2011.dvdrip.xvid.r19,14.31,M
Harleys.Hill.2011.DVDRip.XviD-aAF/aaf-harleys.hill.2011.dvdrip.xvid.r20,14.31,M
Harleys.Hill.2011.DVDRip.XviD-aAF/aaf-harleys.hill.2011.dvdrip.xvid.r21,14.31,M
Harleys.Hill.2011.DVDRip.XviD-aAF/aaf-harleys.hill.2011.dvdrip.xvid.r22,14.31,M
Harleys.Hill.2011.DVDRip.XviD-aAF/aaf-harleys.hill.2011.dvdrip.xvid.r23,14.31,M
Harleys.Hill.2011.DVDRip.XviD-aAF/aaf-harleys.hill.2011.dvdrip.xvid.r24,14.31,M
Harleys.Hill.2011.DVDRip.XviD-aAF/aaf-harleys.hill.2011.dvdrip.xvid.r25,14.31,M
Harleys.Hill.2011.DVDRip.XviD-aAF/aaf-harleys.hill.2011.dvdrip.xvid.r26,14.31,M
Harleys.Hill.2011.DVDRip.XviD-aAF/aaf-harleys.hill.2011.dvdrip.xvid.r27,14.31,M
Harleys.Hill.2011.DVDRip.XviD-aAF/aaf-harleys.hill.2011.dvdrip.xvid.r28,14.31,M
Harleys.Hill.2011.DVDRip.XviD-aAF/aaf-harleys.hill.2011.dvdrip.xvid.r29,14.31,M
Harleys.Hill.2011.DVDRip.XviD-aAF/aaf-harleys.hill.2011.dvdrip.xvid.r30,14.31,M
Harleys.Hill.2011.DVDRip.XviD-aAF/aaf-harleys.hill.2011.dvdrip.xvid.r31,14.31,M
Harleys.Hill.2011.DVDRip.XviD-aAF/aaf-harleys.hill.2011.dvdrip.xvid.r32,14.31,M
Harleys.Hill.2011.DVDRip.XviD-aAF/aaf-harleys.hill.2011.dvdrip.xvid.r33,14.31,M
Harleys.Hill.2011.DVDRip.XviD-aAF/aaf-harleys.hill.2011.dvdrip.xvid.r34,14.31,M
Harleys.Hill.2011.DVDRip.XviD-aAF/aaf-harleys.hill.2011.dvdrip.xvid.r35,14.31,M
Harleys.Hill.2011.DVDRip.XviD-aAF/aaf-harleys.hill.2011.dvdrip.xvid.r36,14.31,M
Harleys.Hill.2011.DVDRip.XviD-aAF/aaf-harleys.hill.2011.dvdrip.xvid.r37,14.31,M
Harleys.Hill.2011.DVDRip.XviD-aAF/aaf-harleys.hill.2011.dvdrip.xvid.r38,14.31,M
Harleys.Hill.2011.DVDRip.XviD-aAF/aaf-harleys.hill.2011.dvdrip.xvid.r39,14.31,M
Harleys.Hill.2011.DVDRip.XviD-aAF/aaf-harleys.hill.2011.dvdrip.xvid.r40,14.31,M
Harleys.Hill.2011.DVDRip.XviD-aAF/aaf-harleys.hill.2011.dvdrip.xvid.r41,14.31,M
Harleys.Hill.2011.DVDRip.XviD-aAF/aaf-harleys.hill.2011.dvdrip.xvid.r42,14.31,M
Harleys.Hill.2011.DVDRip.XviD-aAF/aaf-harleys.hill.2011.dvdrip.xvid.r43,14.31,M
Harleys.Hill.2011.DVDRip.XviD-aAF/aaf-harleys.hill.2011.dvdrip.xvid.r44,14.31,M
Harleys.Hill.2011.DVDRip.XviD-aAF/aaf-harleys.hill.2011.dvdrip.xvid.r45,14.31,M
Harleys.Hill.2011.DVDRip.XviD-aAF/aaf-harleys.hill.2011.dvdrip.xvid.r46,14.31,M
Harleys.Hill.2011.DVDRip.XviD-aAF/aaf-harleys.hill.2011.dvdrip.xvid.r47,14.31,M
Harleys.Hill.2011.DVDRip.XviD-aAF/aaf-harleys.hill.2011.dvdrip.xvid.r48,5.85,M
Harleys.Hill.2011.DVDRip.XviD-aAF/aaf-harleys.hill.2011.dvdrip.xvid.rar,14.31,M
Harleys.Hill.2011.DVDRip.XviD-aAF/aaf-harleys.hill.2011.dvdrip.xvid.sfv,2.34,K
Harleys.Hill.2011.DVDRip.XviD-aAF/aaf-harleys.hill.2011.dvdrip.xvid_poster.jpg,6.78,K
Harleys.Hill.2011.DVDRip.XviD-aAF/Sample/aaf-harleys.hill.2011.dvdrip.xvid-sample.avi,7,M
Read this before playing this Video.txt,195,B
Torrent have been downloaded from Scenetime.com.txt,195,B
