Filename,Size,Unit
01 Adele - Set Fire To The Rain.mp3,9.11,M
02 Rihanna - We Found Love featuring Calvin Harris.mp3,8.18,M
03 Flo Rida - Good Feeling.mp3,9.43,M
04 David Guetta - Turn Me On featuring Nicki Minaj.mp3,7.66,M
05 Katy Perry - The One That Got Away.mp3,8.67,M
06 Bruno Mars - It Will Rain.mp3,9.81,M
07 LMFAO - Sexy And I Know It.mp3,7.59,M
08 Kelly Clarkson - Stronger (What Doesn't Kill You).mp3,8.41,M
09 Jay-Z & Kanye West - Ni--as In Paris.mp3,8.39,M
10 Jessie J - Domino.mp3,8.78,M
11 Tyga - Rack City.mp3,7.86,M
"12 Snoop Dogg & Wiz Khalifa - Young, Wild & Free featuring Bruno Mars.mp3",7.89,M
13 Maroon 5 - Moves Like Jagger featuring Christina Aguilera.mp3,7.7,M
14 Big Sean - Dance (A$$) featuring Nicki Minaj.mp3,8.33,M
15 J. Cole - Work Out.mp3,8.92,M
16 LMFAO - Party Rock Anthem featuring Lauren Bennett & GoonRock.mp3,10.06,M
17 David Guetta - Without You featuring Usher.mp3,7.97,M
18 Pitbull - International Love featuring Chris Brown.mp3,8.68,M
19 Adele - Someone Like You.mp3,10.74,M
20 Gavin DeGraw - Not Over You.mp3,8.24,M
21 Drake - The Motto featuring Lil Wayne.mp3,6.92,M
22 Gym Class Heroes - Stereo Hearts featuring Adam Levine.mp3,8.1,M
23 Selena Gomez & The Scene - Love You Like A Love Song.mp3,7.12,M
24 Gym Class Heroes - Ass Back Home featuring Neon Hitch.mp3,8.43,M
25 Rihanna - You Da One.mp3,7.61,M
26 Luke Bryan - I Don't Want This Night To End.mp3,8.32,M
27 Toby Keith - Red Solo Cup.mp3,8.45,M
28 Glee Cast - Without You.mp3,7.97,M
29 Hot Chelle Rae - I Like It Like That featuring New Boyz.mp3,7.21,M
30 Drake - Take Care featuring Rihanna.mp3,10.57,M
31 Drake - Make Me Proud featuring Nicki Minaj.mp3,8.37,M
32 Breathe Carolina - Blackout.mp3,7.96,M
33 Drake - Headlines.mp3,8.89,M
34 Kelly Clarkson - Mr. Know It All.mp3,8.79,M
35 Coldplay - Paradise.mp3,10.6,M
36 Cobra Starship - You Make Me Feel... featuring Sabi.mp3,8.15,M
37 Chris Young - You.mp3,6.22,M
38 Lady Antebellum - Just A Kiss.mp3,8.26,M
"39 Pitbull - Give Me Everything featuring Ne-Yo, Afrojack & Nayer.mp3",9.69,M
40 T-Pain - 5 O'Clock featuring Wiz Khalifa & Lily Allen.mp3,10.67,M
