Filename,Size,Unit
De.Flandriens.Van.Het.Veld.S01E02.NLVLAAMS.XViD-SHOWGEMiST.avi,548.3,M
De.Flandriens.Van.Het.Veld.S01E02.NLVLAAMS.XViD-SHOWGEMiST.nfo,2.25,K
SHOWGEMiST @ Twitter.nfo,44,B
