Title,Type,Files,Size,IMDB,Spoken Languages,Texted Languages,Tags,Quality (+),Quality (-),Uploaded,By,User Type,Seeders,Leechers,Info Hash,Picture,Capture Date
WINRAR 4.0 32 and 64 bits with automatic reg - GLOBE,301,4,2.16 MiB (2263893 Bytes),,,,,16,22,2011-05-19T22:21:53Z,globeplus,[V],3,0,7C1AA134E84A970439CAEFDAF0797A5100CBE911,http://image.bayimg.com/aainaaadc.jpg,2012-06-19T20:09:12Z
