Title,Type,Files,Size,IMDB,Spoken Languages,Texted Languages,Tags,Quality (+),Quality (-),Uploaded,By,User Type,Seeders,Leechers,Info Hash,Picture,Capture Date
Saber Passes de Wireless - www.zepirata.com.rar,301,1,14.41 MiB (15109618 Bytes),,,,,0,0,2011-03-27T00:08:57Z,Anonymous,,2,0,A862095AF3EFCA4C9AF1AAC9EF1972601040FD23,,2012-06-25T00:56:29Z
