Title,Type,Files,Size,IMDB,Spoken Languages,Texted Languages,Tags,Quality (+),Quality (-),Uploaded,By,User Type,Seeders,Leechers,Info Hash,Picture,Capture Date
06-09-2011 General Hospital.avi,205,1,159.44 MiB (167181944 Bytes),,,,,0,0,2011-06-10T15:26:59Z,ClaudiaZ,[V],0,0,4EA3FBDA5D6285A20E159A154E49BC02720DEBC3,,2012-06-18T18:33:03Z
