Filename,Size,Unit
Lejos.de.Todo(Off.the.Map).1x10.HDrip.DVB.By.Hero.avi,569.03,M
