Title,Type,Files,Size,IMDB,Spoken Languages,Texted Languages,Tags,Quality (+),Quality (-),Uploaded,By,User Type,Seeders,Leechers,Info Hash,Picture,Capture Date
GGG.Zwei.Freundinnen.im.Spermaland.German.2011.XXX.DVDRip.XviD-C,501,3,698.62 MiB (732554662 Bytes),,,,,0,0,2011-02-28T15:08:59Z,Rabiner,,2,1,FDECAF34FBC7F7ED73B0649C4700DA9529B51EA7,,2012-06-27T03:21:20Z
