Filename,Size,Unit
Read Me.txt,2.74,K
iMPACT.Wrestling.2011.07.28.720p.HDTV.x264-RUDOS.mp4,2.8,G
