Title,Type,Files,Size,IMDB,Spoken Languages,Texted Languages,Tags,Quality (+),Quality (-),Uploaded,By,User Type,Seeders,Leechers,Info Hash,Picture,Capture Date
Gay - Guys Gone Wild Library 1,506,7,3.21 GiB (3451375490 Bytes),,,,"""gay"",""guys"",""gone"",""wild"",""straight"",""naked"",""dock"",""jackoff"",""cumshot"",""hot ass""",2,0,2011-01-10T03:06:02Z,MikeXRyan,,12,4,9AAB8A0B429775A891A17B57DAAB2AA2800A3DFE,http://image.bayimg.com/gadbpaadb.jpg,2012-06-29T16:03:24Z
