Title,Type,Files,Size,IMDB,Spoken Languages,Texted Languages,Tags,Quality (+),Quality (-),Uploaded,By,User Type,Seeders,Leechers,Info Hash,Picture,Capture Date
ChicasMalas -  Yoha Galvez ,505,1,1.12 GiB (1204844251 Bytes),,,,,1,0,2011-11-12T09:51:30Z,exmnova,[T],1,1,CF2C49832C1A350DE163BC604829EBD643326CFA,,2012-05-19T02:19:27Z
