Filename,Size,Unit
Nicki Minaj - Roman In Moscow-Djleak.com.mp3,2.58,M
