Filename,Size,Unit
Pics 11418/11418_Donna_Sloane_292.jpg,250.34,K
Pics 11418/11418_Donna_Sloane_098.jpg,240.38,K
Pics 11418/11418_Donna_Sloane_319.jpg,237.67,K
Pics 11418/11418_Donna_Sloane_106.jpg,235.36,K
Pics 11418/11418_Donna_Sloane_129.jpg,230.42,K
Pics 11418/11418_Donna_Sloane_114.jpg,227.82,K
Pics 11418/11418_Donna_Sloane_100.jpg,227.54,K
Pics 11418/11418_Donna_Sloane_263.jpg,227.34,K
Pics 11418/11418_Donna_Sloane_320.jpg,226.34,K
Pics 11418/11418_Donna_Sloane_301.jpg,224.8,K
Pics 11418/11418_Donna_Sloane_088.jpg,224.68,K
Pics 11418/11418_Donna_Sloane_017.jpg,220.62,K
Pics 11418/11418_Donna_Sloane_310.jpg,220.2,K
Pics 11418/11418_Donna_Sloane_130.jpg,219.86,K
Pics 11418/11418_Donna_Sloane_294.jpg,219.81,K
Pics 11418/11418_Donna_Sloane_291.jpg,219.78,K
Pics 11418/11418_Donna_Sloane_302.jpg,219.65,K
Pics 11418/11418_Donna_Sloane_269.jpg,217.56,K
Pics 11418/11418_Donna_Sloane_105.jpg,217.55,K
Pics 11418/11418_Donna_Sloane_322.jpg,216.45,K
Pics 11418/11418_Donna_Sloane_134.jpg,216.36,K
Pics 11418/11418_Donna_Sloane_274.jpg,215.63,K
Pics 11418/11418_Donna_Sloane_311.jpg,215.39,K
Pics 11418/11418_Donna_Sloane_290.jpg,214.84,K
Pics 11418/11418_Donna_Sloane_300.jpg,214.76,K
Pics 11418/11418_Donna_Sloane_266.jpg,214.52,K
Pics 11418/11418_Donna_Sloane_128.jpg,214.45,K
Pics 11418/11418_Donna_Sloane_016.jpg,213.8,K
Pics 11418/11418_Donna_Sloane_273.jpg,213.42,K
Pics 11418/11418_Donna_Sloane_328.jpg,211.31,K
Pics 11418/11418_Donna_Sloane_309.jpg,210.97,K
Pics 11418/11418_Donna_Sloane_306.jpg,210.55,K
Pics 11418/11418_Donna_Sloane_299.jpg,210.2,K
Pics 11418/11418_Donna_Sloane_268.jpg,209.58,K
Pics 11418/11418_Donna_Sloane_264.jpg,208.79,K
Pics 11418/11418_Donna_Sloane_255.jpg,208.7,K
Pics 11418/11418_Donna_Sloane_138.jpg,207.94,K
Pics 11418/11418_Donna_Sloane_330.jpg,207.78,K
Pics 11418/11418_Donna_Sloane_141.jpg,207.72,K
Pics 11418/11418_Donna_Sloane_132.jpg,207.47,K
Pics 11418/11418_Donna_Sloane_127.jpg,206.89,K
Pics 11418/11418_Donna_Sloane_261.jpg,206.8,K
Pics 11418/11418_Donna_Sloane_307.jpg,204.12,K
Pics 11418/11418_Donna_Sloane_103.jpg,204.1,K
Pics 11418/11418_Donna_Sloane_298.jpg,203.83,K
Pics 11418/11418_Donna_Sloane_152.jpg,203.78,K
Pics 11418/11418_Donna_Sloane_312.jpg,203.65,K
Pics 11418/11418_Donna_Sloane_154.jpg,203.62,K
Pics 11418/11418_Donna_Sloane_210.jpg,203.46,K
Pics 11418/11418_Donna_Sloane_235.jpg,203.35,K
Pics 11418/11418_Donna_Sloane_272.jpg,203.05,K
Pics 11418/11418_Donna_Sloane_296.jpg,203.02,K
Pics 11418/11418_Donna_Sloane_271.jpg,202.73,K
Pics 11418/11418_Donna_Sloane_293.jpg,202.52,K
Pics 11418/11418_Donna_Sloane_276.jpg,201.82,K
Pics 11418/11418_Donna_Sloane_123.jpg,201.81,K
Pics 11418/11418_Donna_Sloane_258.jpg,201.72,K
Pics 11418/11418_Donna_Sloane_069.jpg,201.59,K
Pics 11418/11418_Donna_Sloane_262.jpg,201.55,K
Pics 11418/11418_Donna_Sloane_287.jpg,201.47,K
Pics 11418/11418_Donna_Sloane_096.jpg,201.09,K
Pics 11418/11418_Donna_Sloane_052.jpg,200.79,K
Pics 11418/11418_Donna_Sloane_125.jpg,200.52,K
Pics 11418/11418_Donna_Sloane_259.jpg,199.99,K
Pics 11418/11418_Donna_Sloane_286.jpg,199.55,K
Pics 11418/11418_Donna_Sloane_331.jpg,199.53,K
Pics 11418/11418_Donna_Sloane_109.jpg,199.12,K
Pics 11418/11418_Donna_Sloane_329.jpg,198.9,K
Pics 11418/11418_Donna_Sloane_102.jpg,198.75,K
Pics 11418/11418_Donna_Sloane_115.jpg,197.86,K
Pics 11418/11418_Donna_Sloane_297.jpg,197.7,K
Pics 11418/11418_Donna_Sloane_107.jpg,197.64,K
Pics 11418/11418_Donna_Sloane_011.jpg,197.46,K
Pics 11418/11418_Donna_Sloane_305.jpg,197.24,K
Pics 11418/11418_Donna_Sloane_318.jpg,196.91,K
Pics 11418/11418_Donna_Sloane_120.jpg,196.85,K
Pics 11418/11418_Donna_Sloane_333.jpg,195.53,K
Pics 11418/11418_Donna_Sloane_086.jpg,195.51,K
Pics 11418/11418_Donna_Sloane_135.jpg,195.25,K
Pics 11418/11418_Donna_Sloane_282.jpg,195.21,K
Pics 11418/11418_Donna_Sloane_239.jpg,194.99,K
Pics 11418/11418_Donna_Sloane_288.jpg,194.56,K
Pics 11418/11418_Donna_Sloane_283.jpg,194.4,K
Pics 11418/11418_Donna_Sloane_313.jpg,194.27,K
Pics 11418/11418_Donna_Sloane_078.jpg,194.26,K
Pics 11418/11418_Donna_Sloane_035.jpg,193.75,K
Pics 11418/11418_Donna_Sloane_008.jpg,193.69,K
Pics 11418/11418_Donna_Sloane_342.jpg,193.58,K
Pics 11418/11418_Donna_Sloane_278.jpg,193.39,K
Pics 11418/11418_Donna_Sloane_317.jpg,193.35,K
Pics 11418/11418_Donna_Sloane_124.jpg,193.23,K
Pics 11418/11418_Donna_Sloane_149.jpg,193.2,K
Pics 11418/11418_Donna_Sloane_308.jpg,192.64,K
Pics 11418/11418_Donna_Sloane_188.jpg,192.24,K
Pics 11418/11418_Donna_Sloane_335.jpg,191.79,K
Pics 11418/11418_Donna_Sloane_260.jpg,191.77,K
Pics 11418/11418_Donna_Sloane_117.jpg,191.14,K
Pics 11418/11418_Donna_Sloane_150.jpg,191.06,K
Pics 11418/11418_Donna_Sloane_338.jpg,191.01,K
Pics 11418/11418_Donna_Sloane_250.jpg,190.88,K
Pics 11418/11418_Donna_Sloane_080.jpg,189.67,K
Pics 11418/11418_Donna_Sloane_265.jpg,189.51,K
Pics 11418/11418_Donna_Sloane_184.jpg,189.4,K
Pics 11418/11418_Donna_Sloane_018.jpg,189.39,K
Pics 11418/11418_Donna_Sloane_277.jpg,189.15,K
Pics 11418/11418_Donna_Sloane_025.jpg,189.08,K
Pics 11418/11418_Donna_Sloane_254.jpg,188.57,K
Pics 11418/11418_Donna_Sloane_112.jpg,187.79,K
Pics 11418/11418_Donna_Sloane_085.jpg,187.68,K
Pics 11418/11418_Donna_Sloane_058.jpg,187.38,K
Pics 11418/11418_Donna_Sloane_163.jpg,187.37,K
Pics 11418/11418_Donna_Sloane_332.jpg,187.15,K
Pics 11418/11418_Donna_Sloane_279.jpg,187.06,K
Pics 11418/11418_Donna_Sloane_275.jpg,187.02,K
Pics 11418/11418_Donna_Sloane_252.jpg,186.16,K
Pics 11418/11418_Donna_Sloane_077.jpg,185.99,K
Pics 11418/11418_Donna_Sloane_325.jpg,185.39,K
Pics 11418/11418_Donna_Sloane_336.jpg,185.04,K
Pics 11418/11418_Donna_Sloane_131.jpg,184.89,K
Pics 11418/11418_Donna_Sloane_136.jpg,184.58,K
Pics 11418/11418_Donna_Sloane_162.jpg,184.42,K
Pics 11418/11418_Donna_Sloane_207.jpg,184.17,K
Pics 11418/11418_Donna_Sloane_145.jpg,184.07,K
Pics 11418/11418_Donna_Sloane_045.jpg,183.85,K
Pics 11418/11418_Donna_Sloane_119.jpg,183.5,K
Pics 11418/11418_Donna_Sloane_049.jpg,182.83,K
Pics 11418/11418_Donna_Sloane_156.jpg,182.76,K
Pics 11418/11418_Donna_Sloane_285.jpg,182.67,K
Pics 11418/11418_Donna_Sloane_231.jpg,182.43,K
Pics 11418/11418_Donna_Sloane_061.jpg,181.74,K
Pics 11418/11418_Donna_Sloane_070.jpg,181.65,K
Pics 11418/11418_Donna_Sloane_060.jpg,181.18,K
Pics 11418/11418_Donna_Sloane_104.jpg,181.11,K
Pics 11418/11418_Donna_Sloane_247.jpg,180.65,K
Pics 11418/11418_Donna_Sloane_245.jpg,180.29,K
Pics 11418/11418_Donna_Sloane_004.jpg,180.26,K
Pics 11418/11418_Donna_Sloane_067.jpg,180.04,K
Pics 11418/11418_Donna_Sloane_214.jpg,179.88,K
Pics 11418/11418_Donna_Sloane_314.jpg,179.31,K
Pics 11418/11418_Donna_Sloane_289.jpg,178.82,K
Pics 11418/11418_Donna_Sloane_094.jpg,178.74,K
Pics 11418/11418_Donna_Sloane_093.jpg,178.7,K
Pics 11418/11418_Donna_Sloane_182.jpg,178.65,K
Pics 11418/11418_Donna_Sloane_148.jpg,178.34,K
Pics 11418/11418_Donna_Sloane_221.jpg,177.99,K
Pics 11418/11418_Donna_Sloane_095.jpg,177.8,K
Pics 11418/11418_Donna_Sloane_113.jpg,177.43,K
Pics 11418/11418_Donna_Sloane_230.jpg,176.86,K
Pics 11418/11418_Donna_Sloane_081.jpg,176.21,K
Pics 11418/11418_Donna_Sloane_110.jpg,176.2,K
Pics 11418/11418_Donna_Sloane_075.jpg,176.09,K
Pics 11418/11418_Donna_Sloane_030.jpg,175.78,K
Pics 11418/11418_Donna_Sloane_172.jpg,175.62,K
Pics 11418/11418_Donna_Sloane_027.jpg,175.19,K
Pics 11418/11418_Donna_Sloane_097.jpg,174.89,K
Pics 11418/11418_Donna_Sloane_158.jpg,174.82,K
Pics 11418/11418_Donna_Sloane_029.jpg,174.69,K
Pics 11418/11418_Donna_Sloane_251.jpg,174.37,K
Pics 11418/11418_Donna_Sloane_201.jpg,174.34,K
Pics 11418/11418_Donna_Sloane_316.jpg,173.49,K
Pics 11418/11418_Donna_Sloane_133.jpg,173.07,K
Pics 11418/11418_Donna_Sloane_183.jpg,172.85,K
Pics 11418/11418_Donna_Sloane_159.jpg,172.85,K
Pics 11418/11418_Donna_Sloane_232.jpg,172.61,K
Pics 11418/11418_Donna_Sloane_315.jpg,172.55,K
Pics 11418/11418_Donna_Sloane_200.jpg,172.44,K
Pics 11418/11418_Donna_Sloane_066.jpg,171.84,K
Pics 11418/11418_Donna_Sloane_178.jpg,171.57,K
Pics 11418/11418_Donna_Sloane_013.jpg,171.41,K
Pics 11418/11418_Donna_Sloane_073.jpg,170.92,K
Pics 11418/11418_Donna_Sloane_074.jpg,170.76,K
Pics 11418/11418_Donna_Sloane_084.jpg,170.75,K
Pics 11418/11418_Donna_Sloane_238.jpg,170.51,K
Pics 11418/11418_Donna_Sloane_059.jpg,170.39,K
Pics 11418/11418_Donna_Sloane_146.jpg,170.38,K
Pics 11418/11418_Donna_Sloane_202.jpg,170.32,K
Pics 11418/11418_Donna_Sloane_203.jpg,169.68,K
Pics 11418/11418_Donna_Sloane_147.jpg,169.49,K
Pics 11418/11418_Donna_Sloane_063.jpg,169.47,K
Pics 11418/11418_Donna_Sloane_064.jpg,169.23,K
Pics 11418/11418_Donna_Sloane_227.jpg,168.99,K
Pics 11418/11418_Donna_Sloane_234.jpg,168.94,K
Pics 11418/11418_Donna_Sloane_056.jpg,168.89,K
Pics 11418/11418_Donna_Sloane_165.jpg,168.71,K
Pics 11418/11418_Donna_Sloane_208.jpg,168.61,K
Pics 11418/11418_Donna_Sloane_009.jpg,168.13,K
Pics 11418/11418_Donna_Sloane_242.jpg,168.01,K
Pics 11418/11418_Donna_Sloane_191.jpg,167.93,K
Pics 11418/11418_Donna_Sloane_170.jpg,167.82,K
Pics 11418/11418_Donna_Sloane_153.jpg,167.48,K
Pics 11418/11418_Donna_Sloane_204.jpg,167.29,K
Pics 11418/11418_Donna_Sloane_206.jpg,166.59,K
Pics 11418/11418_Donna_Sloane_161.jpg,166.27,K
Pics 11418/11418_Donna_Sloane_177.jpg,165.54,K
Pics 11418/11418_Donna_Sloane_198.jpg,164.78,K
Pics 11418/11418_Donna_Sloane_053.jpg,164.14,K
Pics 11418/11418_Donna_Sloane_340.jpg,164.04,K
Pics 11418/11418_Donna_Sloane_048.jpg,164.04,K
Pics 11418/11418_Donna_Sloane_072.jpg,163.87,K
Pics 11418/11418_Donna_Sloane_001.jpg,163.85,K
Pics 11418/11418_Donna_Sloane_240.jpg,163.69,K
Pics 11418/11418_Donna_Sloane_196.jpg,163.25,K
Pics 11418/11418_Donna_Sloane_173.jpg,162.56,K
Pics 11418/11418_Donna_Sloane_040.jpg,161.77,K
Pics 11418/11418_Donna_Sloane_068.jpg,161.71,K
Pics 11418/11418_Donna_Sloane_012.jpg,161.44,K
Pics 11418/11418_Donna_Sloane_193.jpg,161.27,K
Pics 11418/11418_Donna_Sloane_179.jpg,161.2,K
Pics 11418/11418_Donna_Sloane_195.jpg,161.07,K
Pics 11418/11418_Donna_Sloane_071.jpg,160.66,K
Pics 11418/11418_Donna_Sloane_065.jpg,160.44,K
Pics 11418/11418_Donna_Sloane_213.jpg,160.22,K
Pics 11418/11418_Donna_Sloane_167.jpg,160.18,K
Pics 11418/11418_Donna_Sloane_039.jpg,159.86,K
Pics 11418/11418_Donna_Sloane_042.jpg,159.73,K
Pics 11418/11418_Donna_Sloane_169.jpg,159.68,K
Pics 11418/11418_Donna_Sloane_220.jpg,159.28,K
Pics 11418/11418_Donna_Sloane_175.jpg,159.1,K
Pics 11418/11418_Donna_Sloane_038.jpg,158.35,K
Pics 11418/11418_Donna_Sloane_050.jpg,157.31,K
Pics 11418/11418_Donna_Sloane_020.jpg,157.18,K
Pics 11418/11418_Donna_Sloane_032.jpg,155.63,K
Pics 11418/11418_Donna_Sloane_034.jpg,155.44,K
Pics 11418/11418_Donna_Sloane_281.jpg,155.24,K
Pics 11418/11418_Donna_Sloane_174.jpg,154.94,K
Pics 11418/11418_Donna_Sloane_225.jpg,154.85,K
Pics 11418/11418_Donna_Sloane_217.jpg,154.66,K
Pics 11418/11418_Donna_Sloane_022.jpg,154.41,K
Pics 11418/11418_Donna_Sloane_079.jpg,154,K
Pics 11418/11418_Donna_Sloane_055.jpg,153.69,K
Pics 11418/11418_Donna_Sloane_164.jpg,153.34,K
Pics 11418/11418_Donna_Sloane_337.jpg,153.02,K
Pics 11418/11418_Donna_Sloane_192.jpg,152.86,K
Pics 11418/11418_Donna_Sloane_033.jpg,152.67,K
Pics 11418/11418_Donna_Sloane_223.jpg,152.24,K
Pics 11418/11418_Donna_Sloane_181.jpg,151.82,K
Pics 11418/11418_Donna_Sloane_226.jpg,150.88,K
Pics 11418/11418_Donna_Sloane_197.jpg,150.85,K
Pics 11418/11418_Donna_Sloane_047.jpg,150.05,K
Pics 11418/11418_Donna_Sloane_176.jpg,150.01,K
Pics 11418/11418_Donna_Sloane_019.jpg,149.74,K
Pics 11418/11418_Donna_Sloane_037.jpg,149.61,K
Pics 11418/11418_Donna_Sloane_168.jpg,149.02,K
Pics 11418/11418_Donna_Sloane_023.jpg,148.44,K
Pics 11418/11418_Donna_Sloane_005.jpg,145.34,K
Pics 11418/11418_Donna_Sloane_015.jpg,141.87,K
Pics 11418/11418_Donna_Sloane_006.jpg,140.4,K
Pics 11418/11418_Donna_Sloane_187.jpg,139.39,K
Pics 11418/11418_Donna_Sloane_054.jpg,135.33,K
Pics 11418/11418_Donna_Sloane_211.jpg,129.47,K
Pics 11418/11418_Donna_Sloane_043.jpg,128.41,K
WP_11418_PrincessDonnaDolore_SloaneSoleil.wmv,754.35,M
