Filename,Size,Unit
Satisfaction Guaranteed_S8_Cassidey.mpg,86.61,M
