User Type,Username,Date,Text
,lobo345,2011-02-25T12:43Z,Thanks.
,BakedUp,2011-02-26T16:56Z,"YEAH!!! Finally!

I've been waiting and waiting.
You're on heck of a pirate eztv. Thanks."
