User Type,Username,Date,Text
,converto,2011-01-17T17:43Z,"Thnx Rabiner
Pls More BigButtBrazilianMoms"
,ekarth22,2011-01-18T08:10Z,"Agreed with converto.
thanks for all these movies and keep posting more,

Plus one Quality point added, thanks a lot for uploading this torrent."
