Title,Type,Files,Size,IMDB,Spoken Languages,Texted Languages,Tags,Quality (+),Quality (-),Uploaded,By,User Type,Seeders,Leechers,Info Hash,Picture,Capture Date
Unthinkable 2010 DVDRIP XVID AC3,201,4,1.39 GiB (1495303706 Bytes),,,,,0,1,2011-06-29T09:46:03Z,TvTeam,[V],1,0,D1DCD2AE82D3E2BEA7FB658A167656F9E5D3861F,,2012-06-17T12:25:47Z
