Title,Type,Files,Size,IMDB,Spoken Languages,Texted Languages,Tags,Quality (+),Quality (-),Uploaded,By,User Type,Seeders,Leechers,Info Hash,Picture,Capture Date
Lifes Too Short S01E06.mkv,208,1,502.01 MiB (526393357 Bytes),,,,"""lifes too Short S01E06 hdtv 72""",0,0,2011-12-16T02:29:34Z,SuperHandZz,,1,1,5291E7A484AFEDD91346D93E9D19DE8F42283178,,2012-05-15T02:27:34Z
