Filename,Size,Unit
01 Blood Pressure.mp3,6.24,M
02 Odd Soul.mp3,7.94,M
