User Type,Username,Date,Text
,Shenzz,2011-10-27T10:52Z,"Errrr, there are seeder & leecher but no comment about this things either it works or not?? Either there's got to be some special way to install it whatsoever??"
