Filename,Size,Unit
For all the porn you need.txt,107,B
www.facialabuse.com_fuck_stick3.wmv,30.11,M
www.facialabuse.com_fuck_stick3.wmv.jpg,344.27,K
www.linkindexxx.com_Lilly - Blackbachelor 55 Inch Ass.wmv,391.47,M
www.linkindexxx.com_Lilly - Blackbachelor 55 Inch Ass.wmv.jpg,319.48,K
