Filename,Size,Unit
Please Read This Guide First Now.txt,493,B
Sample/the.new.inventors.s08e06.ws.pdtv.xvid-hdcp.sample.avi,13.91,M
The.New.Inventors.S08E06.WS.PDTV.XviD-HDCP.avi,233.11,M
the.new.inventors.s08e06.ws.pdtv.xvid-hdcp.nfo,23.22,K
www.Torrentday.com.txt,493,B
