Filename,Size,Unit
The_Columbus_Dispatch_20111223.pdf,29.68,M
