Filename,Size,Unit
download from www.scenetime.com.txt,134,B
jimmy.fallon.2010.12.23.hdtv.xvid-fqm.nfo,8.5,K
jimmy.fallon.2010.12.23.hdtv.xvid-fqm.r00,19.07,M
jimmy.fallon.2010.12.23.hdtv.xvid-fqm.r01,19.07,M
jimmy.fallon.2010.12.23.hdtv.xvid-fqm.r02,19.07,M
jimmy.fallon.2010.12.23.hdtv.xvid-fqm.r03,19.07,M
jimmy.fallon.2010.12.23.hdtv.xvid-fqm.r04,19.07,M
jimmy.fallon.2010.12.23.hdtv.xvid-fqm.r05,19.07,M
jimmy.fallon.2010.12.23.hdtv.xvid-fqm.r06,19.07,M
jimmy.fallon.2010.12.23.hdtv.xvid-fqm.r07,19.07,M
jimmy.fallon.2010.12.23.hdtv.xvid-fqm.r08,19.07,M
jimmy.fallon.2010.12.23.hdtv.xvid-fqm.r09,19.07,M
jimmy.fallon.2010.12.23.hdtv.xvid-fqm.r10,19.07,M
jimmy.fallon.2010.12.23.hdtv.xvid-fqm.r11,19.07,M
jimmy.fallon.2010.12.23.hdtv.xvid-fqm.r12,19.07,M
jimmy.fallon.2010.12.23.hdtv.xvid-fqm.r13,19.07,M
jimmy.fallon.2010.12.23.hdtv.xvid-fqm.r14,19.07,M
jimmy.fallon.2010.12.23.hdtv.xvid-fqm.r15,19.07,M
jimmy.fallon.2010.12.23.hdtv.xvid-fqm.r16,19.07,M
jimmy.fallon.2010.12.23.hdtv.xvid-fqm.r17,6.99,M
jimmy.fallon.2010.12.23.hdtv.xvid-fqm.rar,19.07,M
jimmy.fallon.2010.12.23.hdtv.xvid-fqm.sfv,988,B
Read This Guide Now.txt,134,B
