Filename,Size,Unit
02 Whispering Your Name [Extended Mix].mp3,11.44,M
05 F.O.S.mp3,9.84,M
01 Whispering Your Name [Single Mix].mp3,8.79,M
03 Another Living Day.mp3,8.67,M
04 Rock & Roll [Live].mp3,5.11,M
