Filename,Size,Unit
1. A csodÃ¡latos asztalos.mp4,33.53,M
3. NyÃºlcipÅ.mp4,33.53,M
2. ÃpÃ¼letes eset.mp4,33.36,M
6. Kutyalakzi.mp4,33.19,M
5. A szamÃ¡rkenyÃ©rfa.mp4,33.01,M
8. A kÃºtÃ¡sÃ³.mp4,32.98,M
7. BiztonsÃ¡gi berendezÃ©s.mp4,32.13,M
4. Kinek lesz melege.mp4,31.57,M
