Title,Type,Files,Size,IMDB,Spoken Languages,Texted Languages,Tags,Quality (+),Quality (-),Uploaded,By,User Type,Seeders,Leechers,Info Hash,Picture,Capture Date
Dont Go In The Woods 2010 VODRiP XviD-SiC ,201,4,1.41 GiB (1509794896 Bytes),http://www.imdb.com/title/tt1651065/,English,,"""don\'t go in the woods"",""2010 movie""",2,0,2012-01-09T20:47:06Z,tykoon123,[H],22,7,9B1421F28E64FCD7A58982DA66C3B6C12C9E06F8,http://image.bayimg.com/ialpeaadm.jpg,2012-05-13T18:07:01Z
