User Type,Username,Date,Text
[V],Pornmaze,2011-11-29T12:54Z,"
http://www.pixsor.com/share-7085_4ED4CA71.html

http://www.pixsor.com/share-9862_4ED4CA71.html"
