Filename,Size,Unit
Shark Night 2011 SWESUB BDRip XviD-SD.avi,699.77,M
