Filename,Size,Unit
chris.moyles.quiz.night.s04e01.hdtv.xvid-location.nfo,7.58,K
chris.moyles.quiz.night.s04e01.hdtv.xvid-location.r00,14.31,M
chris.moyles.quiz.night.s04e01.hdtv.xvid-location.r01,14.31,M
chris.moyles.quiz.night.s04e01.hdtv.xvid-location.r02,14.31,M
chris.moyles.quiz.night.s04e01.hdtv.xvid-location.r03,14.31,M
chris.moyles.quiz.night.s04e01.hdtv.xvid-location.r04,14.31,M
chris.moyles.quiz.night.s04e01.hdtv.xvid-location.r05,14.31,M
chris.moyles.quiz.night.s04e01.hdtv.xvid-location.r06,14.31,M
chris.moyles.quiz.night.s04e01.hdtv.xvid-location.r07,14.31,M
chris.moyles.quiz.night.s04e01.hdtv.xvid-location.r08,14.31,M
chris.moyles.quiz.night.s04e01.hdtv.xvid-location.r09,14.31,M
chris.moyles.quiz.night.s04e01.hdtv.xvid-location.r10,14.31,M
chris.moyles.quiz.night.s04e01.hdtv.xvid-location.r11,14.31,M
chris.moyles.quiz.night.s04e01.hdtv.xvid-location.r12,14.31,M
chris.moyles.quiz.night.s04e01.hdtv.xvid-location.r13,14.31,M
chris.moyles.quiz.night.s04e01.hdtv.xvid-location.r14,14.31,M
chris.moyles.quiz.night.s04e01.hdtv.xvid-location.r15,14.31,M
chris.moyles.quiz.night.s04e01.hdtv.xvid-location.r16,14.31,M
chris.moyles.quiz.night.s04e01.hdtv.xvid-location.r17,14.31,M
chris.moyles.quiz.night.s04e01.hdtv.xvid-location.r18,14.31,M
chris.moyles.quiz.night.s04e01.hdtv.xvid-location.r19,14.31,M
chris.moyles.quiz.night.s04e01.hdtv.xvid-location.r20,14.31,M
chris.moyles.quiz.night.s04e01.hdtv.xvid-location.r21,14.31,M
chris.moyles.quiz.night.s04e01.hdtv.xvid-location.r22,14.31,M
chris.moyles.quiz.night.s04e01.hdtv.xvid-location.r23,6.7,M
chris.moyles.quiz.night.s04e01.hdtv.xvid-location.rar,14.31,M
chris.moyles.quiz.night.s04e01.hdtv.xvid-location.sfv,1.56,K
Read this before playing this Video .txt,138,B
torrent downloaded from www.scenetime.com.txt,138,B
