Title,Type,Files,Size,IMDB,Spoken Languages,Texted Languages,Tags,Quality (+),Quality (-),Uploaded,By,User Type,Seeders,Leechers,Info Hash,Picture,Capture Date
All I Can 2011 BDRip XviD-FRAGMENT,201,2,699.83 MiB (733829651 Bytes),,English,,,0,0,2012-01-09T17:09:38Z,crazy-torrent,[V],11,0,74ED0E17D7404EC278D7B58CBE986980CF34B7C5,,2012-05-13T18:18:39Z
