Filename,Size,Unit
Under the Sea 1.exe,10.1,M
