Filename,Size,Unit
Pics 13718/13718_AidenStarrLuxLeotaSinnSage_005.jpg,309.16,K
Pics 13718/13718_AidenStarrLuxLeotaSinnSage_275.jpg,308.87,K
Pics 13718/13718_AidenStarrLuxLeotaSinnSage_023.jpg,304.76,K
Pics 13718/13718_AidenStarrLuxLeotaSinnSage_080.jpg,295.27,K
Pics 13718/13718_AidenStarrLuxLeotaSinnSage_119.jpg,292.43,K
Pics 13718/13718_AidenStarrLuxLeotaSinnSage_053.jpg,289.76,K
Pics 13718/13718_AidenStarrLuxLeotaSinnSage_075.jpg,287.33,K
Pics 13718/13718_AidenStarrLuxLeotaSinnSage_061.jpg,286.33,K
Pics 13718/13718_AidenStarrLuxLeotaSinnSage_024.jpg,284.54,K
Pics 13718/13718_AidenStarrLuxLeotaSinnSage_002.jpg,283.97,K
Pics 13718/13718_AidenStarrLuxLeotaSinnSage_283.jpg,283.28,K
Pics 13718/13718_AidenStarrLuxLeotaSinnSage_059.jpg,283.24,K
Pics 13718/13718_AidenStarrLuxLeotaSinnSage_003.jpg,282.4,K
Pics 13718/13718_AidenStarrLuxLeotaSinnSage_058.jpg,281.25,K
Pics 13718/13718_AidenStarrLuxLeotaSinnSage_042.jpg,280.81,K
Pics 13718/13718_AidenStarrLuxLeotaSinnSage_026.jpg,279.93,K
Pics 13718/13718_AidenStarrLuxLeotaSinnSage_076.jpg,279.73,K
Pics 13718/13718_AidenStarrLuxLeotaSinnSage_079.jpg,278.2,K
Pics 13718/13718_AidenStarrLuxLeotaSinnSage_001.jpg,278.03,K
Pics 13718/13718_AidenStarrLuxLeotaSinnSage_060.jpg,277.21,K
Pics 13718/13718_AidenStarrLuxLeotaSinnSage_022.jpg,275.88,K
Pics 13718/13718_AidenStarrLuxLeotaSinnSage_051.jpg,275.74,K
Pics 13718/13718_AidenStarrLuxLeotaSinnSage_056.jpg,273.63,K
Pics 13718/13718_AidenStarrLuxLeotaSinnSage_015.jpg,271.22,K
Pics 13718/13718_AidenStarrLuxLeotaSinnSage_057.jpg,271.22,K
Pics 13718/13718_AidenStarrLuxLeotaSinnSage_016.jpg,270.79,K
Pics 13718/13718_AidenStarrLuxLeotaSinnSage_047.jpg,268.7,K
Pics 13718/13718_AidenStarrLuxLeotaSinnSage_018.jpg,268.58,K
Pics 13718/13718_AidenStarrLuxLeotaSinnSage_329.jpg,266.79,K
Pics 13718/13718_AidenStarrLuxLeotaSinnSage_035.jpg,266.77,K
Pics 13718/13718_AidenStarrLuxLeotaSinnSage_006.jpg,266.49,K
Pics 13718/13718_AidenStarrLuxLeotaSinnSage_027.jpg,265.92,K
Pics 13718/13718_AidenStarrLuxLeotaSinnSage_240.jpg,264.64,K
Pics 13718/13718_AidenStarrLuxLeotaSinnSage_089.jpg,264.36,K
Pics 13718/13718_AidenStarrLuxLeotaSinnSage_054.jpg,263.94,K
Pics 13718/13718_AidenStarrLuxLeotaSinnSage_019.jpg,263.64,K
Pics 13718/13718_AidenStarrLuxLeotaSinnSage_202.jpg,263.31,K
Pics 13718/13718_AidenStarrLuxLeotaSinnSage_049.jpg,262.49,K
Pics 13718/13718_AidenStarrLuxLeotaSinnSage_039.jpg,262.44,K
Pics 13718/13718_AidenStarrLuxLeotaSinnSage_055.jpg,262.11,K
Pics 13718/13718_AidenStarrLuxLeotaSinnSage_021.jpg,261.13,K
Pics 13718/13718_AidenStarrLuxLeotaSinnSage_028.jpg,259.43,K
Pics 13718/13718_AidenStarrLuxLeotaSinnSage_258.jpg,259.09,K
Pics 13718/13718_AidenStarrLuxLeotaSinnSage_077.jpg,258.76,K
Pics 13718/13718_AidenStarrLuxLeotaSinnSage_285.jpg,258.11,K
Pics 13718/13718_AidenStarrLuxLeotaSinnSage_037.jpg,258,K
Pics 13718/13718_AidenStarrLuxLeotaSinnSage_029.jpg,257.4,K
Pics 13718/13718_AidenStarrLuxLeotaSinnSage_277.jpg,256.91,K
Pics 13718/13718_AidenStarrLuxLeotaSinnSage_038.jpg,254.96,K
Pics 13718/13718_AidenStarrLuxLeotaSinnSage_255.jpg,254.93,K
Pics 13718/13718_AidenStarrLuxLeotaSinnSage_007.jpg,253.7,K
Pics 13718/13718_AidenStarrLuxLeotaSinnSage_098.jpg,253.7,K
Pics 13718/13718_AidenStarrLuxLeotaSinnSage_124.jpg,253.46,K
Pics 13718/13718_AidenStarrLuxLeotaSinnSage_194.jpg,252.85,K
Pics 13718/13718_AidenStarrLuxLeotaSinnSage_073.jpg,252.6,K
Pics 13718/13718_AidenStarrLuxLeotaSinnSage_052.jpg,250.8,K
Pics 13718/13718_AidenStarrLuxLeotaSinnSage_286.jpg,250.7,K
Pics 13718/13718_AidenStarrLuxLeotaSinnSage_094.jpg,249.56,K
Pics 13718/13718_AidenStarrLuxLeotaSinnSage_008.jpg,249.55,K
Pics 13718/13718_AidenStarrLuxLeotaSinnSage_157.jpg,249.28,K
Pics 13718/13718_AidenStarrLuxLeotaSinnSage_092.jpg,248.89,K
Pics 13718/13718_AidenStarrLuxLeotaSinnSage_111.jpg,248.61,K
Pics 13718/13718_AidenStarrLuxLeotaSinnSage_093.jpg,248.38,K
Pics 13718/13718_AidenStarrLuxLeotaSinnSage_032.jpg,248.19,K
Pics 13718/13718_AidenStarrLuxLeotaSinnSage_168.jpg,248.08,K
Pics 13718/13718_AidenStarrLuxLeotaSinnSage_099.jpg,247.03,K
Pics 13718/13718_AidenStarrLuxLeotaSinnSage_236.jpg,246.61,K
Pics 13718/13718_AidenStarrLuxLeotaSinnSage_219.jpg,246.05,K
Pics 13718/13718_AidenStarrLuxLeotaSinnSage_118.jpg,245.84,K
Pics 13718/13718_AidenStarrLuxLeotaSinnSage_184.jpg,245.59,K
Pics 13718/13718_AidenStarrLuxLeotaSinnSage_004.jpg,245.52,K
Pics 13718/13718_AidenStarrLuxLeotaSinnSage_088.jpg,245.51,K
Pics 13718/13718_AidenStarrLuxLeotaSinnSage_189.jpg,245.41,K
Pics 13718/13718_AidenStarrLuxLeotaSinnSage_115.jpg,245.28,K
Pics 13718/13718_AidenStarrLuxLeotaSinnSage_265.jpg,245.01,K
Pics 13718/13718_AidenStarrLuxLeotaSinnSage_020.jpg,244.65,K
Pics 13718/13718_AidenStarrLuxLeotaSinnSage_279.jpg,244.23,K
Pics 13718/13718_AidenStarrLuxLeotaSinnSage_123.jpg,243.99,K
Pics 13718/13718_AidenStarrLuxLeotaSinnSage_242.jpg,243.56,K
Pics 13718/13718_AidenStarrLuxLeotaSinnSage_074.jpg,243.56,K
Pics 13718/13718_AidenStarrLuxLeotaSinnSage_121.jpg,243.22,K
Pics 13718/13718_AidenStarrLuxLeotaSinnSage_293.jpg,243.04,K
Pics 13718/13718_AidenStarrLuxLeotaSinnSage_227.jpg,242.93,K
Pics 13718/13718_AidenStarrLuxLeotaSinnSage_210.jpg,242.77,K
Pics 13718/13718_AidenStarrLuxLeotaSinnSage_203.jpg,242.67,K
Pics 13718/13718_AidenStarrLuxLeotaSinnSage_266.jpg,242.04,K
Pics 13718/13718_AidenStarrLuxLeotaSinnSage_179.jpg,241.95,K
Pics 13718/13718_AidenStarrLuxLeotaSinnSage_176.jpg,241.67,K
Pics 13718/13718_AidenStarrLuxLeotaSinnSage_122.jpg,241.63,K
Pics 13718/13718_AidenStarrLuxLeotaSinnSage_125.jpg,240.89,K
Pics 13718/13718_AidenStarrLuxLeotaSinnSage_254.jpg,240.67,K
Pics 13718/13718_AidenStarrLuxLeotaSinnSage_330.jpg,239.35,K
Pics 13718/13718_AidenStarrLuxLeotaSinnSage_116.jpg,238.6,K
Pics 13718/13718_AidenStarrLuxLeotaSinnSage_306.jpg,238.53,K
Pics 13718/13718_AidenStarrLuxLeotaSinnSage_030.jpg,238.36,K
Pics 13718/13718_AidenStarrLuxLeotaSinnSage_215.jpg,238.28,K
Pics 13718/13718_AidenStarrLuxLeotaSinnSage_269.jpg,238.22,K
Pics 13718/13718_AidenStarrLuxLeotaSinnSage_239.jpg,237.98,K
Pics 13718/13718_AidenStarrLuxLeotaSinnSage_141.jpg,237.9,K
Pics 13718/13718_AidenStarrLuxLeotaSinnSage_230.jpg,237.83,K
Pics 13718/13718_AidenStarrLuxLeotaSinnSage_229.jpg,237.52,K
Pics 13718/13718_AidenStarrLuxLeotaSinnSage_180.jpg,237.51,K
Pics 13718/13718_AidenStarrLuxLeotaSinnSage_205.jpg,237.38,K
Pics 13718/13718_AidenStarrLuxLeotaSinnSage_112.jpg,237.33,K
Pics 13718/13718_AidenStarrLuxLeotaSinnSage_148.jpg,237.19,K
Pics 13718/13718_AidenStarrLuxLeotaSinnSage_204.jpg,237.16,K
Pics 13718/13718_AidenStarrLuxLeotaSinnSage_257.jpg,236.48,K
Pics 13718/13718_AidenStarrLuxLeotaSinnSage_217.jpg,236.22,K
Pics 13718/13718_AidenStarrLuxLeotaSinnSage_211.jpg,236,K
Pics 13718/13718_AidenStarrLuxLeotaSinnSage_048.jpg,235.91,K
Pics 13718/13718_AidenStarrLuxLeotaSinnSage_034.jpg,235.64,K
Pics 13718/13718_AidenStarrLuxLeotaSinnSage_206.jpg,235.36,K
Pics 13718/13718_AidenStarrLuxLeotaSinnSage_318.jpg,235.18,K
Pics 13718/13718_AidenStarrLuxLeotaSinnSage_095.jpg,235.14,K
Pics 13718/13718_AidenStarrLuxLeotaSinnSage_126.jpg,235.13,K
Pics 13718/13718_AidenStarrLuxLeotaSinnSage_212.jpg,234.41,K
Pics 13718/13718_AidenStarrLuxLeotaSinnSage_069.jpg,234.4,K
Pics 13718/13718_AidenStarrLuxLeotaSinnSage_090.jpg,234.31,K
Pics 13718/13718_AidenStarrLuxLeotaSinnSage_274.jpg,233.99,K
Pics 13718/13718_AidenStarrLuxLeotaSinnSage_146.jpg,233.79,K
Pics 13718/13718_AidenStarrLuxLeotaSinnSage_178.jpg,233.55,K
Pics 13718/13718_AidenStarrLuxLeotaSinnSage_319.jpg,233.45,K
Pics 13718/13718_AidenStarrLuxLeotaSinnSage_063.jpg,233.23,K
Pics 13718/13718_AidenStarrLuxLeotaSinnSage_251.jpg,233.13,K
Pics 13718/13718_AidenStarrLuxLeotaSinnSage_083.jpg,233.13,K
Pics 13718/13718_AidenStarrLuxLeotaSinnSage_270.jpg,232.79,K
Pics 13718/13718_AidenStarrLuxLeotaSinnSage_238.jpg,232.41,K
Pics 13718/13718_AidenStarrLuxLeotaSinnSage_106.jpg,232.35,K
Pics 13718/13718_AidenStarrLuxLeotaSinnSage_025.jpg,232.33,K
Pics 13718/13718_AidenStarrLuxLeotaSinnSage_050.jpg,232.12,K
Pics 13718/13718_AidenStarrLuxLeotaSinnSage_091.jpg,232.11,K
Pics 13718/13718_AidenStarrLuxLeotaSinnSage_198.jpg,232.08,K
Pics 13718/13718_AidenStarrLuxLeotaSinnSage_033.jpg,232.06,K
Pics 13718/13718_AidenStarrLuxLeotaSinnSage_326.jpg,231.71,K
Pics 13718/13718_AidenStarrLuxLeotaSinnSage_043.jpg,231.56,K
Pics 13718/13718_AidenStarrLuxLeotaSinnSage_130.jpg,231.46,K
Pics 13718/13718_AidenStarrLuxLeotaSinnSage_067.jpg,231.19,K
Pics 13718/13718_AidenStarrLuxLeotaSinnSage_246.jpg,230.86,K
Pics 13718/13718_AidenStarrLuxLeotaSinnSage_084.jpg,230.74,K
Pics 13718/13718_AidenStarrLuxLeotaSinnSage_045.jpg,230.71,K
Pics 13718/13718_AidenStarrLuxLeotaSinnSage_117.jpg,230.27,K
Pics 13718/13718_AidenStarrLuxLeotaSinnSage_086.jpg,230.1,K
Pics 13718/13718_AidenStarrLuxLeotaSinnSage_097.jpg,230.06,K
Pics 13718/13718_AidenStarrLuxLeotaSinnSage_327.jpg,229.7,K
Pics 13718/13718_AidenStarrLuxLeotaSinnSage_104.jpg,229.53,K
Pics 13718/13718_AidenStarrLuxLeotaSinnSage_107.jpg,229.26,K
Pics 13718/13718_AidenStarrLuxLeotaSinnSage_187.jpg,229.05,K
Pics 13718/13718_AidenStarrLuxLeotaSinnSage_147.jpg,228.96,K
Pics 13718/13718_AidenStarrLuxLeotaSinnSage_280.jpg,228.35,K
Pics 13718/13718_AidenStarrLuxLeotaSinnSage_078.jpg,228.2,K
Pics 13718/13718_AidenStarrLuxLeotaSinnSage_010.jpg,227.85,K
Pics 13718/13718_AidenStarrLuxLeotaSinnSage_036.jpg,227.46,K
Pics 13718/13718_AidenStarrLuxLeotaSinnSage_085.jpg,227.21,K
Pics 13718/13718_AidenStarrLuxLeotaSinnSage_135.jpg,227.12,K
Pics 13718/13718_AidenStarrLuxLeotaSinnSage_282.jpg,227.03,K
Pics 13718/13718_AidenStarrLuxLeotaSinnSage_128.jpg,226.94,K
Pics 13718/13718_AidenStarrLuxLeotaSinnSage_209.jpg,226.84,K
Pics 13718/13718_AidenStarrLuxLeotaSinnSage_268.jpg,226.8,K
Pics 13718/13718_AidenStarrLuxLeotaSinnSage_281.jpg,226.56,K
Pics 13718/13718_AidenStarrLuxLeotaSinnSage_082.jpg,226.22,K
Pics 13718/13718_AidenStarrLuxLeotaSinnSage_186.jpg,226.12,K
Pics 13718/13718_AidenStarrLuxLeotaSinnSage_105.jpg,225.99,K
Pics 13718/13718_AidenStarrLuxLeotaSinnSage_009.jpg,225.67,K
Pics 13718/13718_AidenStarrLuxLeotaSinnSage_325.jpg,225.1,K
Pics 13718/13718_AidenStarrLuxLeotaSinnSage_129.jpg,224.7,K
Pics 13718/13718_AidenStarrLuxLeotaSinnSage_081.jpg,224.66,K
Pics 13718/13718_AidenStarrLuxLeotaSinnSage_127.jpg,224,K
Pics 13718/13718_AidenStarrLuxLeotaSinnSage_228.jpg,223.71,K
Pics 13718/13718_AidenStarrLuxLeotaSinnSage_344.jpg,223.41,K
Pics 13718/13718_AidenStarrLuxLeotaSinnSage_226.jpg,223.29,K
Pics 13718/13718_AidenStarrLuxLeotaSinnSage_139.jpg,223.21,K
Pics 13718/13718_AidenStarrLuxLeotaSinnSage_109.jpg,223.2,K
Pics 13718/13718_AidenStarrLuxLeotaSinnSage_237.jpg,223.14,K
Pics 13718/13718_AidenStarrLuxLeotaSinnSage_044.jpg,222.97,K
Pics 13718/13718_AidenStarrLuxLeotaSinnSage_062.jpg,222.97,K
Pics 13718/13718_AidenStarrLuxLeotaSinnSage_213.jpg,222.8,K
Pics 13718/13718_AidenStarrLuxLeotaSinnSage_140.jpg,222.56,K
Pics 13718/13718_AidenStarrLuxLeotaSinnSage_114.jpg,222.25,K
Pics 13718/13718_AidenStarrLuxLeotaSinnSage_256.jpg,222.13,K
Pics 13718/13718_AidenStarrLuxLeotaSinnSage_040.jpg,222.06,K
Pics 13718/13718_AidenStarrLuxLeotaSinnSage_284.jpg,221.87,K
Pics 13718/13718_AidenStarrLuxLeotaSinnSage_133.jpg,221.75,K
Pics 13718/13718_AidenStarrLuxLeotaSinnSage_233.jpg,221.44,K
Pics 13718/13718_AidenStarrLuxLeotaSinnSage_068.jpg,221.24,K
Pics 13718/13718_AidenStarrLuxLeotaSinnSage_144.jpg,221.13,K
Pics 13718/13718_AidenStarrLuxLeotaSinnSage_154.jpg,220.6,K
Pics 13718/13718_AidenStarrLuxLeotaSinnSage_320.jpg,220.13,K
Pics 13718/13718_AidenStarrLuxLeotaSinnSage_113.jpg,219.55,K
Pics 13718/13718_AidenStarrLuxLeotaSinnSage_011.jpg,219.39,K
Pics 13718/13718_AidenStarrLuxLeotaSinnSage_207.jpg,218.94,K
Pics 13718/13718_AidenStarrLuxLeotaSinnSage_214.jpg,218.82,K
Pics 13718/13718_AidenStarrLuxLeotaSinnSage_183.jpg,218.68,K
Pics 13718/13718_AidenStarrLuxLeotaSinnSage_252.jpg,218.5,K
Pics 13718/13718_AidenStarrLuxLeotaSinnSage_253.jpg,218.27,K
Pics 13718/13718_AidenStarrLuxLeotaSinnSage_208.jpg,218.06,K
Pics 13718/13718_AidenStarrLuxLeotaSinnSage_276.jpg,217.09,K
Pics 13718/13718_AidenStarrLuxLeotaSinnSage_138.jpg,216.97,K
Pics 13718/13718_AidenStarrLuxLeotaSinnSage_340.jpg,216.91,K
Pics 13718/13718_AidenStarrLuxLeotaSinnSage_072.jpg,216.85,K
Pics 13718/13718_AidenStarrLuxLeotaSinnSage_243.jpg,216.73,K
Pics 13718/13718_AidenStarrLuxLeotaSinnSage_347.jpg,216.48,K
Pics 13718/13718_AidenStarrLuxLeotaSinnSage_064.jpg,215.63,K
Pics 13718/13718_AidenStarrLuxLeotaSinnSage_136.jpg,215.12,K
Pics 13718/13718_AidenStarrLuxLeotaSinnSage_201.jpg,214.85,K
Pics 13718/13718_AidenStarrLuxLeotaSinnSage_143.jpg,214.7,K
Pics 13718/13718_AidenStarrLuxLeotaSinnSage_156.jpg,214.65,K
Pics 13718/13718_AidenStarrLuxLeotaSinnSage_349.jpg,214.49,K
Pics 13718/13718_AidenStarrLuxLeotaSinnSage_158.jpg,214.44,K
Pics 13718/13718_AidenStarrLuxLeotaSinnSage_177.jpg,214.2,K
Pics 13718/13718_AidenStarrLuxLeotaSinnSage_110.jpg,213.72,K
Pics 13718/13718_AidenStarrLuxLeotaSinnSage_296.jpg,213.13,K
Pics 13718/13718_AidenStarrLuxLeotaSinnSage_199.jpg,212.34,K
Pics 13718/13718_AidenStarrLuxLeotaSinnSage_305.jpg,212.3,K
Pics 13718/13718_AidenStarrLuxLeotaSinnSage_295.jpg,212.22,K
Pics 13718/13718_AidenStarrLuxLeotaSinnSage_348.jpg,212.18,K
Pics 13718/13718_AidenStarrLuxLeotaSinnSage_174.jpg,212.13,K
Pics 13718/13718_AidenStarrLuxLeotaSinnSage_272.jpg,212.08,K
Pics 13718/13718_AidenStarrLuxLeotaSinnSage_134.jpg,211.53,K
Pics 13718/13718_AidenStarrLuxLeotaSinnSage_031.jpg,211.43,K
Pics 13718/13718_AidenStarrLuxLeotaSinnSage_132.jpg,211.32,K
Pics 13718/13718_AidenStarrLuxLeotaSinnSage_142.jpg,211.15,K
Pics 13718/13718_AidenStarrLuxLeotaSinnSage_012.jpg,211.14,K
Pics 13718/13718_AidenStarrLuxLeotaSinnSage_131.jpg,210.61,K
Pics 13718/13718_AidenStarrLuxLeotaSinnSage_278.jpg,210.53,K
Pics 13718/13718_AidenStarrLuxLeotaSinnSage_145.jpg,210.4,K
Pics 13718/13718_AidenStarrLuxLeotaSinnSage_195.jpg,209.73,K
Pics 13718/13718_AidenStarrLuxLeotaSinnSage_170.jpg,209.72,K
Pics 13718/13718_AidenStarrLuxLeotaSinnSage_120.jpg,209.46,K
Pics 13718/13718_AidenStarrLuxLeotaSinnSage_041.jpg,209.38,K
Pics 13718/13718_AidenStarrLuxLeotaSinnSage_137.jpg,208.7,K
Pics 13718/13718_AidenStarrLuxLeotaSinnSage_332.jpg,208.1,K
Pics 13718/13718_AidenStarrLuxLeotaSinnSage_218.jpg,207.11,K
Pics 13718/13718_AidenStarrLuxLeotaSinnSage_066.jpg,206.5,K
Pics 13718/13718_AidenStarrLuxLeotaSinnSage_331.jpg,206.12,K
Pics 13718/13718_AidenStarrLuxLeotaSinnSage_345.jpg,206.02,K
Pics 13718/13718_AidenStarrLuxLeotaSinnSage_153.jpg,205.9,K
Pics 13718/13718_AidenStarrLuxLeotaSinnSage_014.jpg,205.57,K
Pics 13718/13718_AidenStarrLuxLeotaSinnSage_155.jpg,204.49,K
Pics 13718/13718_AidenStarrLuxLeotaSinnSage_188.jpg,204.28,K
Pics 13718/13718_AidenStarrLuxLeotaSinnSage_216.jpg,203.37,K
Pics 13718/13718_AidenStarrLuxLeotaSinnSage_294.jpg,203.24,K
Pics 13718/13718_AidenStarrLuxLeotaSinnSage_191.jpg,203.15,K
Pics 13718/13718_AidenStarrLuxLeotaSinnSage_192.jpg,202.96,K
Pics 13718/13718_AidenStarrLuxLeotaSinnSage_185.jpg,202.73,K
Pics 13718/13718_AidenStarrLuxLeotaSinnSage_224.jpg,202.44,K
Pics 13718/13718_AidenStarrLuxLeotaSinnSage_108.jpg,202.24,K
Pics 13718/13718_AidenStarrLuxLeotaSinnSage_292.jpg,202.04,K
Pics 13718/13718_AidenStarrLuxLeotaSinnSage_222.jpg,201.57,K
Pics 13718/13718_AidenStarrLuxLeotaSinnSage_250.jpg,201.27,K
Pics 13718/13718_AidenStarrLuxLeotaSinnSage_336.jpg,201.03,K
Pics 13718/13718_AidenStarrLuxLeotaSinnSage_166.jpg,200.94,K
Pics 13718/13718_AidenStarrLuxLeotaSinnSage_338.jpg,200.69,K
Pics 13718/13718_AidenStarrLuxLeotaSinnSage_244.jpg,200.25,K
Pics 13718/13718_AidenStarrLuxLeotaSinnSage_173.jpg,200.19,K
Pics 13718/13718_AidenStarrLuxLeotaSinnSage_259.jpg,200.17,K
Pics 13718/13718_AidenStarrLuxLeotaSinnSage_267.jpg,199.71,K
Pics 13718/13718_AidenStarrLuxLeotaSinnSage_245.jpg,199.42,K
Pics 13718/13718_AidenStarrLuxLeotaSinnSage_273.jpg,199.41,K
Pics 13718/13718_AidenStarrLuxLeotaSinnSage_017.jpg,198.72,K
Pics 13718/13718_AidenStarrLuxLeotaSinnSage_308.jpg,198.55,K
Pics 13718/13718_AidenStarrLuxLeotaSinnSage_335.jpg,197.87,K
Pics 13718/13718_AidenStarrLuxLeotaSinnSage_102.jpg,197.66,K
Pics 13718/13718_AidenStarrLuxLeotaSinnSage_316.jpg,196.95,K
Pics 13718/13718_AidenStarrLuxLeotaSinnSage_152.jpg,196.16,K
Pics 13718/13718_AidenStarrLuxLeotaSinnSage_096.jpg,196,K
Pics 13718/13718_AidenStarrLuxLeotaSinnSage_232.jpg,195.5,K
Pics 13718/13718_AidenStarrLuxLeotaSinnSage_241.jpg,195.45,K
Pics 13718/13718_AidenStarrLuxLeotaSinnSage_225.jpg,195.11,K
Pics 13718/13718_AidenStarrLuxLeotaSinnSage_046.jpg,195,K
Pics 13718/13718_AidenStarrLuxLeotaSinnSage_197.jpg,194.87,K
Pics 13718/13718_AidenStarrLuxLeotaSinnSage_175.jpg,194.84,K
Pics 13718/13718_AidenStarrLuxLeotaSinnSage_317.jpg,194.54,K
Pics 13718/13718_AidenStarrLuxLeotaSinnSage_298.jpg,194.07,K
Pics 13718/13718_AidenStarrLuxLeotaSinnSage_220.jpg,193.53,K
Pics 13718/13718_AidenStarrLuxLeotaSinnSage_169.jpg,192.94,K
Pics 13718/13718_AidenStarrLuxLeotaSinnSage_221.jpg,192.91,K
Pics 13718/13718_AidenStarrLuxLeotaSinnSage_196.jpg,192.28,K
Pics 13718/13718_AidenStarrLuxLeotaSinnSage_013.jpg,191.76,K
Pics 13718/13718_AidenStarrLuxLeotaSinnSage_162.jpg,191.69,K
Pics 13718/13718_AidenStarrLuxLeotaSinnSage_342.jpg,191.26,K
Pics 13718/13718_AidenStarrLuxLeotaSinnSage_223.jpg,190.55,K
Pics 13718/13718_AidenStarrLuxLeotaSinnSage_297.jpg,190.24,K
Pics 13718/13718_AidenStarrLuxLeotaSinnSage_150.jpg,189.72,K
Pics 13718/13718_AidenStarrLuxLeotaSinnSage_328.jpg,189.42,K
Pics 13718/13718_AidenStarrLuxLeotaSinnSage_337.jpg,189.35,K
Pics 13718/13718_AidenStarrLuxLeotaSinnSage_163.jpg,189.29,K
Pics 13718/13718_AidenStarrLuxLeotaSinnSage_065.jpg,188.75,K
Pics 13718/13718_AidenStarrLuxLeotaSinnSage_339.jpg,188.68,K
Pics 13718/13718_AidenStarrLuxLeotaSinnSage_271.jpg,188.61,K
Pics 13718/13718_AidenStarrLuxLeotaSinnSage_334.jpg,188.55,K
Pics 13718/13718_AidenStarrLuxLeotaSinnSage_346.jpg,188.1,K
Pics 13718/13718_AidenStarrLuxLeotaSinnSage_304.jpg,186.25,K
Pics 13718/13718_AidenStarrLuxLeotaSinnSage_343.jpg,185.72,K
Pics 13718/13718_AidenStarrLuxLeotaSinnSage_200.jpg,185.66,K
Pics 13718/13718_AidenStarrLuxLeotaSinnSage_323.jpg,184.72,K
Pics 13718/13718_AidenStarrLuxLeotaSinnSage_087.jpg,184.03,K
Pics 13718/13718_AidenStarrLuxLeotaSinnSage_167.jpg,183.83,K
Pics 13718/13718_AidenStarrLuxLeotaSinnSage_151.jpg,183.4,K
Pics 13718/13718_AidenStarrLuxLeotaSinnSage_288.jpg,183.22,K
Pics 13718/13718_AidenStarrLuxLeotaSinnSage_289.jpg,182.8,K
Pics 13718/13718_AidenStarrLuxLeotaSinnSage_101.jpg,181.65,K
Pics 13718/13718_AidenStarrLuxLeotaSinnSage_315.jpg,181.34,K
Pics 13718/13718_AidenStarrLuxLeotaSinnSage_190.jpg,181.23,K
Pics 13718/13718_AidenStarrLuxLeotaSinnSage_164.jpg,181.14,K
Pics 13718/13718_AidenStarrLuxLeotaSinnSage_149.jpg,180.87,K
Pics 13718/13718_AidenStarrLuxLeotaSinnSage_290.jpg,180.52,K
Pics 13718/13718_AidenStarrLuxLeotaSinnSage_302.jpg,178.34,K
Pics 13718/13718_AidenStarrLuxLeotaSinnSage_103.jpg,178.26,K
Pics 13718/13718_AidenStarrLuxLeotaSinnSage_248.jpg,178.12,K
Pics 13718/13718_AidenStarrLuxLeotaSinnSage_159.jpg,177.83,K
Pics 13718/13718_AidenStarrLuxLeotaSinnSage_249.jpg,177.28,K
Pics 13718/13718_AidenStarrLuxLeotaSinnSage_071.jpg,176.66,K
Pics 13718/13718_AidenStarrLuxLeotaSinnSage_165.jpg,176.58,K
Pics 13718/13718_AidenStarrLuxLeotaSinnSage_234.jpg,176.5,K
Pics 13718/13718_AidenStarrLuxLeotaSinnSage_287.jpg,175.93,K
Pics 13718/13718_AidenStarrLuxLeotaSinnSage_193.jpg,175.1,K
Pics 13718/13718_AidenStarrLuxLeotaSinnSage_262.jpg,174.1,K
Pics 13718/13718_AidenStarrLuxLeotaSinnSage_260.jpg,173.91,K
Pics 13718/13718_AidenStarrLuxLeotaSinnSage_301.jpg,172.97,K
Pics 13718/13718_AidenStarrLuxLeotaSinnSage_100.jpg,172.89,K
Pics 13718/13718_AidenStarrLuxLeotaSinnSage_341.jpg,172.62,K
Pics 13718/13718_AidenStarrLuxLeotaSinnSage_300.jpg,172.59,K
Pics 13718/13718_AidenStarrLuxLeotaSinnSage_172.jpg,171.84,K
Pics 13718/13718_AidenStarrLuxLeotaSinnSage_247.jpg,170.96,K
Pics 13718/13718_AidenStarrLuxLeotaSinnSage_070.jpg,170.6,K
Pics 13718/13718_AidenStarrLuxLeotaSinnSage_231.jpg,170.51,K
Pics 13718/13718_AidenStarrLuxLeotaSinnSage_309.jpg,169.78,K
Pics 13718/13718_AidenStarrLuxLeotaSinnSage_235.jpg,169.72,K
Pics 13718/13718_AidenStarrLuxLeotaSinnSage_324.jpg,168.28,K
Pics 13718/13718_AidenStarrLuxLeotaSinnSage_313.jpg,168.03,K
Pics 13718/13718_AidenStarrLuxLeotaSinnSage_303.jpg,167.58,K
Pics 13718/13718_AidenStarrLuxLeotaSinnSage_171.jpg,166.72,K
Pics 13718/13718_AidenStarrLuxLeotaSinnSage_333.jpg,166.67,K
Pics 13718/13718_AidenStarrLuxLeotaSinnSage_307.jpg,166.65,K
Pics 13718/13718_AidenStarrLuxLeotaSinnSage_291.jpg,165.58,K
Pics 13718/13718_AidenStarrLuxLeotaSinnSage_322.jpg,165.53,K
Pics 13718/13718_AidenStarrLuxLeotaSinnSage_261.jpg,165.31,K
Pics 13718/13718_AidenStarrLuxLeotaSinnSage_181.jpg,162.57,K
Pics 13718/13718_AidenStarrLuxLeotaSinnSage_161.jpg,162.39,K
Pics 13718/13718_AidenStarrLuxLeotaSinnSage_263.jpg,161.8,K
Pics 13718/13718_AidenStarrLuxLeotaSinnSage_312.jpg,160.28,K
Pics 13718/13718_AidenStarrLuxLeotaSinnSage_321.jpg,159.84,K
Pics 13718/13718_AidenStarrLuxLeotaSinnSage_311.jpg,158.02,K
Pics 13718/13718_AidenStarrLuxLeotaSinnSage_314.jpg,157.77,K
Pics 13718/13718_AidenStarrLuxLeotaSinnSage_299.jpg,154.98,K
Pics 13718/13718_AidenStarrLuxLeotaSinnSage_310.jpg,154.27,K
Pics 13718/13718_AidenStarrLuxLeotaSinnSage_264.jpg,153.24,K
Pics 13718/13718_AidenStarrLuxLeotaSinnSage_182.jpg,143.43,K
Pics 13718/13718_AidenStarrLuxLeotaSinnSage_160.jpg,137.42,K
WA_13718_AidenStarr_SinnSage_LuxLeota.wmv,835.36,M
