Filename,Size,Unit
Live and Let Die (1973) 720p - 600MB - ManO.mkv,607.61,M
Screens/001328.jpg,93.99,K
Screens/001332.jpg,89.97,K
Screens/000601r.jpg,85.65,K
Screens/000938.jpg,82.6,K
Screens/000841u.jpg,80.53,K
Sites + iNFORMATION/Live and Let Die (1973) 720p - 600MB - ManO.nfo,796,B
Sites + iNFORMATION/uploaded to thepiratebay.org.txt,128,B
Sites + iNFORMATION/uploaded to KAT.ph.txt,109,B
