User Type,Username,Date,Text
,Eclipse77,2011-02-20T17:24Z,Thanks for the upload! Could you up the other scene with Chloe Camilla and Isis Love?
