Title,Type,Files,Size,IMDB,Spoken Languages,Texted Languages,Tags,Quality (+),Quality (-),Uploaded,By,User Type,Seeders,Leechers,Info Hash,Picture,Capture Date
Mob Wives Season 1 ep 1 to 10,205,10,3.42 GiB (3666888946 Bytes),,English,,,0,0,2011-06-29T08:59:34Z,blubouie,,28,3,1FDF518565CB1C3D72EB90A104B2CC22C6646BBC,,2012-06-17T12:27:57Z
