Filename,Size,Unit
S07E06 De Cock en de moord in stijl a.avi,580.55,M
