Filename,Size,Unit
"Alex Klaasen - Eindelijk Alleen (2010), DVDR(xvid), NL Gespr. DMT.avi",699.81,M
"DMT NFO, Read before Playing.txt",1.73,K
DMT.png,72.86,K
Torrent downloaded from Demonoid.me.txt,46,B
