Filename,Size,Unit
The.Dinner.Game.1998.Blu-ray.720p.x264.DD51(Fre)-MySiLU.mkv,3.29,G
The.Dinner.Game.1998.Blu-ray.720p.x264.DD51(Fre)-MySiLU.nfo,3.61,K
