Title,Type,Files,Size,IMDB,Spoken Languages,Texted Languages,Tags,Quality (+),Quality (-),Uploaded,By,User Type,Seeders,Leechers,Info Hash,Picture,Capture Date
SpoiledVirgins.11.05.26.Ilona.XXX.HR.WMV-SEXORS,501,4,373.39 MiB (391529658 Bytes),,,,"""xxx"",""teen"",""hot"",""babe""",0,0,2011-05-29T19:00:52Z,hero0000,[T],0,0,E92DDBBD832F9F003EE61A69716F74EBA170398F,,2012-06-19T07:43:26Z
