Filename,Size,Unit
Porcupine Tree - Rockpalast 2005-11-19.mp4,2.52,G
info.txt,540,B
