User Type,Username,Date,Text
,gruesome1,2012-03-11T10:33Z,Super nice bush.  Wish it were longer and better quality.  Thanks for the upload.
