Title,Type,Files,Size,IMDB,Spoken Languages,Texted Languages,Tags,Quality (+),Quality (-),Uploaded,By,User Type,Seeders,Leechers,Info Hash,Picture,Capture Date
SCARLET # 05,602,1,23.6 MiB (24748105 Bytes),,,,,0,0,2011-04-03T04:14:29Z,mirrormaster82,[V],1,0,B6EC0B182008759713D4CD2A1E4C17E0D3BBA0AD,,2012-06-24T16:35:05Z
