Nick Fury Agent Of Shield [DLMux-DivX-Mp3-Ita][Nautilus-BT]


[About file]

Name: Nick Fury Agent Of Shield [Magic Password by gemini9669 for www.nautilus-bt.org]. Avi
Date: 08/23/2011 13:01:23
Size: 1,521,231,872 bytes (1450.76 MB)

[General Info]

Duration: 01:30:12 (5411.943883 s)
Container type: AVI OpenDML
Streams total: 2
Type of stream nr 0 videos
Type of stream nr 1: Audio
Audio streams: 1
ISFT: VirtualDubMod 1.5.10.2 (build 2542/release)
INAM: IEE Ôüþðè: AAAI Ù.È.Ò.à (IEE Ñóïåðàãåíò Ôüþðè / Îáåçãëàâèòü Ãèäðó) / Nick Fury: Agent of Shield (1998 ã.)
IART: ANTipiGo
ICOP:
IGNR: Action
IPRD: Movie
JUNK: VirtualDubMod build 2542/release

[Relevant data]

Resolution: 640 x 480
Width: multiple of 32
Height: multiple of 32
Average DRF: 2.930213
Standard deviation: 0.561162
Weighted Average dev. std.: 0.547545

[Video Track]

FourCC: xvid / XVID
Resolution: 640 x 480
Frame aspect ratio: 4:3 = 1.333333
Pixel aspect ratio: 1:1 = 1
Display aspect ratio: 4:3 = 1.333333
Framerate: 23.976043 fps
Total Frames: 129757
Stream size: 1,428,250,206 bytes
Bitrate: 2111.256490 kbps
Qf: 0.286643
Key frames: 1659 (0, 24, 49, 79, 103, 129 709 ...)
Null frames: 0
Min key int: 1
Max key int: 240
Avg key int: 78.213984
Delay: 0 ms

[Audio track]

Audio tag: 0x55 (MP3)
Bitrate (container): CBR 128 kbps
Channels (container): 2
Sample rate (container): 44100 Hz
Chunks: 129747
Stream size: 86,591,102 bytes
Preload: 496 ms
Max A / V diff: 500 ms
Type: MPEG-1 Layer III
MPEG frames: 207175
Duration: 01:30:12 (5411.918367 s)
Chunk-aligned: No
Emphasis: none
Mode: Stereo
Delay: 0 ms

[About MPEG4 encoding]

User data: XviD0050
Packed bitstream: No
QPel: No
GMC: No
Interlaced: No
Aspect ratio: Custom pixel shape (1:1 = 1)
Quant type: MPEG custom (*)
Custom intra quant matrix:
8 10 11 11 12 13 14 16
10 11 11 12 13 14 16 17
11 11 12 13 14 16 17 19
11 12 13 14 16 18 20 23
12 13 14 16 18 21 24 30
13 14 16 18 21 25 32 40
14 16 17 20 24 32 43 53
16 17 19 23 30 40 53 70
Custom inter quant matrix:
13 14 15 15 16 18 20 22
14 15 15 16 18 20 22 24
15 15 16 18 20 22 24 27
15 16 18 20 22 25 28 32
16 18 20 22 25 29 33 42
18 20 22 25 29 34 45 56
20 22 24 28 33 45 60 74
22 24 27 32 42 56 74 98
Total Frames: 129757
Drop / delay frames: 0
Corrupted frames: 0

I-VOPs: 1659 (1.279%)
P-VOPs: 128036 (98674%) #########################
B-VOPs: 0 (0.000%)
S-VOPs: 0 (0.000%)
N-VOPs: 62 (0048%)

[DRF analysis]

Average DRF: 2.930213
Standard deviation: 0.561162
DRF max: 4

DRF <2: 0 (0.000%)
DRF = 2: 25262 (19478%) #####
DRF = 3: 88222 (68023%) #################
DRF = 4: 16211 (12499%) # # #
DRF> 4: 0 (0.000%)

I-VOPs average DRF: 2
I-VOPs std deviation.: 0
I-VOPs max DRF: 2

P-VOPs average DRF: 2.942266
P-VOPs std deviation.: 0.554640
P-VOPs DRF max: 4

[Profile compliancy]

Profile to check: MTK PAL 6000
Resolution: Ok
Framerate: 23.976043 <> 25
Min buffer fill: 29%