Filename,Size,Unit
Cum_Fart_Tsunami_Scene_1_fh.mp4,552.06,M
