Title,Type,Files,Size,IMDB,Spoken Languages,Texted Languages,Tags,Quality (+),Quality (-),Uploaded,By,User Type,Seeders,Leechers,Info Hash,Picture,Capture Date
Embarrassing.Fat.Bodies.S01E02.WS.PDTV.XviD-C4TV,205,29,350.22 MiB (367228126 Bytes),,,,,0,0,2011-06-13T23:25:33Z,scenebalance,[V],0,2,AD32397D4EE03097939E31B348F93CF6E8D8A78F,,2012-06-18T14:49:54Z
