User Type,Username,Date,Text
,sexymale27,2011-04-02T19:24Z,Screens?
,Crimson-tear,2011-04-02T20:26Z,"Sorry don't have a site too put screens on. 
Bit noobish that way. :/"
,Death-Dude-72,2011-04-02T22:10Z,"69 leechers, eh heh heh."
,axtstern,2011-04-03T20:48Z,"Very fine collection...
THX for sharing"
,ekarth22,2011-04-04T15:30Z,"@crimson
you can use following site for imagehosting porn photos

http://www.screen3000.com"
