Title,Type,Files,Size,IMDB,Spoken Languages,Texted Languages,Tags,Quality (+),Quality (-),Uploaded,By,User Type,Seeders,Leechers,Info Hash,Picture,Capture Date
CINERAL TC-PL2910 www.esquemaseletrico.blogspot.com,699,1,1.51 MiB (1578769 Bytes),,,,"""CINERAL""",0,0,2011-04-17T08:44:30Z,fabiogames2008,[T],0,0,18F40C3F802A5C82537407671A15654711F7BD19,,2012-06-22T15:53:16Z
