Filename,Size,Unit
Bad Meets Evil - Fast Lane (2011)@MRD.mp4,84.91,M
Bad Meets Evil Fast Lane.mp3,6.27,M
fast lane cover.jpg,420.81,K
cover.jpg,84.24,K
