Title,Type,Files,Size,IMDB,Spoken Languages,Texted Languages,Tags,Quality (+),Quality (-),Uploaded,By,User Type,Seeders,Leechers,Info Hash,Picture,Capture Date
"Shaolin (2011), DVDR(xvid), NL Subs, DMT",201,4,698.69 MiB (732627226 Bytes),http://www.imdb.com/title/tt1533749/,Chinese,Dutch,"""NL Subs"",""DMT"",""MeMar""",0,0,2011-07-05T09:07:10Z,MeMar,[V],12,0,0CC96F3E7652AEA7B190E60833A318416661E39F,http://image.bayimg.com/laoilaaco.jpg,2012-06-17T05:09:51Z
