Filename,Size,Unit
Reliable.avi,19.69,M
"_____padding_file_0_if you see this file, please update to BitComet 0.85 or above____",61.54,K
Reliable.jpg,62.64,K
"_____padding_file_1_if you see this file, please update to BitComet 0.85 or above____",193.36,K
Reliable.txt,1.31,K
"_____padding_file_2_if you see this file, please update to BitComet 0.85 or above____",254.69,K
The.Walking.Dead.S02E07.HDTV.XviD[Reliable].avi,348.7,M
"_____padding_file_3_if you see this file, please update to BitComet 0.85 or above____",47.38,K
Torrent downloaded from Demonoid.me.txt,46,B
"_____padding_file_4_if you see this file, please update to BitComet 0.85 or above____",255.96,K
Torrent downloaded from Silvertorrents.me.txt,41,B
