Filename,Size,Unit
01 Catfish Haven.mp3,150,K
02 Please Come Back.mp3,3.59,M
03 You Can Have Me.mp3,5.96,M
04 Crying Shame.mp3,6.3,M
05 Madelin.mp3,3.72,M
06 Still Hungover.mp3,6.85,M
07 The Love I'm Saving.mp3,6.74,M
front.jpg,28.11,K
