Title,Type,Files,Size,IMDB,Spoken Languages,Texted Languages,Tags,Quality (+),Quality (-),Uploaded,By,User Type,Seeders,Leechers,Info Hash,Picture,Capture Date
A.Good.Old.Fashioned.Orgy.LIMITED.DVDRip.XviD-TWiZTED,201,3,700.71 MiB (734745346 Bytes),,,,,0,0,2011-12-21T21:10:14Z,UltraTorrents,[V],2,0,650F4B46AB72E2D8FD809D317DB220944F46644E,,2012-05-14T19:06:48Z
