Filename,Size,Unit
Tiesto - Club Life 226 (30-Jul-2011)/Tiesto - Club Life 226 (30-07-2011) Part 1.mp3,105.59,M
Tiesto - Club Life 226 (30-Jul-2011)/Tiesto - Club Life 226 (30-07-2011) Part 2.mp3,105.67,M
Tiesto - Club Life 226 (30-Jul-2011)/tracklist.txt,1.13,K
Tiesto - Club Life 227 (06-Aug-2011)/Tiesto - Club Life 227 (06-08-2011) Part 1.mp3,105.56,M
Tiesto - Club Life 227 (06-Aug-2011)/Tiesto - Club Life 227 (06-08-2011) Part 2.mp3,105.24,M
Tiesto - Club Life 227 (06-Aug-2011)/tracklist.txt,1.33,K
Tiesto - Club Life 228 (13-Aug-2011)/Tiesto - Club Life 228 (13-08-2011) Part 1.mp3,105.32,M
Tiesto - Club Life 228 (13-Aug-2011)/Tiesto - Club Life 228 (13-08-2011) Part 2.mp3,105.39,M
Tiesto - Club Life 228 (13-Aug-2011)/tracklist.txt,1.33,K
Tiesto - Club Life 229 (20-Aug-2011)/Tiesto - Club Life 229 (20-Aug-2011).mp3,191.3,M
Tiesto - Club Life 229 (20-Aug-2011)/tracklist.txt,1.46,K
Tiesto - Club Life 230 (26-Aug-2011)/Tiesto - Club Life 230 (26-Aug-2011).mp3,191.35,M
Tiesto - Club Life 230 (26-Aug-2011)/tracklist.txt,1.46,K
Tiesto - Club Life 231 (03-Sep-2011)/Tiesto - Club Life 231 (2011-09-03).mp3,195.12,M
Tiesto - Club Life 231 (03-Sep-2011)/tracklist.txt,1.14,K
Tiesto - Club Life 232 (10-Sep-2011)/Tiesto - Club Life 232 (10-09-2011) Part 1.mp3,78.52,M
Tiesto - Club Life 232 (10-Sep-2011)/Tiesto - Club Life 232 (10-09-2011) Part 2.mp3,78.27,M
Tiesto - Club Life 232 (10-Sep-2011)/tracklist.txt,1.17,K
Tiesto - Club Life 233 (17-Sep-2011)/Tiesto - Club Life 233 (17-09-2011) Part 1.mp3,78.96,M
Tiesto - Club Life 233 (17-Sep-2011)/Tiesto - Club Life 233 (17-09-2011) Part 2.mp3,75.97,M
Tiesto - Club Life 233 (17-Sep-2011)/tracklist.txt,1.38,K
Tiesto - Club Life 234 (24-Sep-2011)/Tiesto - Club Life 234 (24-09-2011) Part 1.mp3,78.7,M
Tiesto - Club Life 234 (24-Sep-2011)/Tiesto - Club Life 234 (24-09-2011) Part 2.mp3,78.9,M
Tiesto - Club Life 234 (24-Sep-2011)/tracklist.txt,1.36,K
Tiesto - Club Life 235 (01-Oct-2011)/tiesto_-_tiestos_club_life_235_2011.10.02.mp3,268.93,M
Tiesto - Club Life 235 (01-Oct-2011)/tracklist.txt,1.32,K
Tiesto - Club Life 236 (08-Oct-2011)/Tiesto - Club Life 236 (08-10-2011) Part 1.mp3,78.6,M
Tiesto - Club Life 236 (08-Oct-2011)/Tiesto - Club Life 236 (08-10-2011) Part 2.mp3,76.4,M
Tiesto - Club Life 236 (08-Oct-2011)/tracklist.txt,1.32,K
Tiesto - Club Life 237 (15-Oct-2011)/Tiesto - Club Life 237 (15-10-2011) Part 1.mp3,78.94,M
Tiesto - Club Life 237 (15-Oct-2011)/Tiesto - Club Life 237 (15-10-2011) Part 2.mp3,78.99,M
Tiesto - Club Life 237 (15-Oct-2011)/tracklist.txt,1.45,K
Tiesto - Club Life 238 (22-Oct-2011)/01-tiesto_-_club_life_238-cable-10-22-2011-talion.mp3,104.35,M
Tiesto - Club Life 238 (22-Oct-2011)/02-tiesto_-_club_life_238-cable-10-22-2011-talion.mp3,105.58,M
Tiesto - Club Life 238 (22-Oct-2011)/tracklist.txt,1.47,K
Tiesto - Club Life 239 (29-Oct-2011)/Tiesto - Club Life 239 (2011-10-29) Part 1.mp3,78.91,M
Tiesto - Club Life 239 (29-Oct-2011)/Tiesto - Club Life 239 (2011-10-29) Part 2.mp3,78.85,M
Tiesto - Club Life 239 (29-Oct-2011)/tracklist.txt,1.36,K
Tiesto - Club Life 240 (05-Nov-2011)/Tiesto - Club Life 240 (2011-11-05) Part 1.mp3,78.94,M
Tiesto - Club Life 240 (05-Nov-2011)/Tiesto - Club Life 240 (2011-11-05) Part 2.mp3,78.97,M
Tiesto - Club Life 240 (05-Nov-2011)/tracklist.txt,1.11,K
Tiesto - Club Life 241 (12-Nov-2011)/Tiesto - Club Life 241 (2011-11-12) Part 1.mp3,79,M
Tiesto - Club Life 241 (12-Nov-2011)/Tiesto - Club Life 241 (2011-11-12) Part 2.mp3,79.12,M
Tiesto - Club Life 241 (12-Nov-2011)/tracklist.txt,1.4,K
Tiesto - Club Life 242 (19-Nov-2011)/Tiesto - CLub Life 242 (2011-Nov-19).mp3,158.05,M
Tiesto - Club Life 242 (19-Nov-2011)/tracklist.txt,1.4,K
Tiesto - Club Life 243 (27-Nov-2011)/Tiesto - Club Life 243 (2011-11-27) Part 1.mp3,118.48,M
Tiesto - Club Life 243 (27-Nov-2011)/Tiesto - Club Life 243 (2011-11-27) Part 2.mp3,110.38,M
Tiesto - Club Life 243 (27-Nov-2011)/tracklist.txt,1.25,K
Tiesto - Club Life 244 (03-Dec-2011)/Tiesto - Club Life 244 (2011-12-03) Part 1.mp3,105.38,M
Tiesto - Club Life 244 (03-Dec-2011)/Tiesto - Club Life 244 (2011-12-03) Part 2.mp3,105.37,M
Tiesto - Club Life 244 (03-Dec-2011)/tracklist.txt,979,B
Tiesto - Club Life 245 (10-Dec-2011)/Tiesto - Club Life 245 (2011-12-10) Part 1.mp3,105.29,M
Tiesto - Club Life 245 (10-Dec-2011)/Tiesto - Club Life 245 (2011-12-10) Part 2.mp3,105.58,M
Tiesto - Club Life 245 (10-Dec-2011)/tracklist.txt,1.51,K
Tiesto - Club Life 246 (17-Dec-2011)/Tiesto - Club Life 246 (2011-12-18) Part 1.mp3,105.64,M
Tiesto - Club Life 246 (17-Dec-2011)/Tiesto - Club Life 246 (2011-12-18) Part 2.mp3,105.68,M
Tiesto - Club Life 246 (17-Dec-2011)/tracklist.txt,1.52,K
Tiesto - Club Life 247 (24-Dec-2011)/01-tiesto_-_club_life_247-sat-12-24-2011-talion.mp3,83.56,M
Tiesto - Club Life 247 (24-Dec-2011)/02-tiesto_-_club_life_247-sat-12-24-2011-talion.mp3,83.64,M
Tiesto - Club Life 247 (24-Dec-2011)/tracklist.txt,1.32,K
Tiesto - Club Life 248 (31-Dec-2011)/Tiesto - Club Life 248 (31-Dec-2011).mp3,261.59,M
Tiesto - Club Life 248 (31-Dec-2011)/tracklist.txt,1.23,K
Tiesto - Club Life 249 (07-Jan-2012)/Tiesto - Club Life 249 (2012-01-07) Part 1.mp3,105.47,M
Tiesto - Club Life 249 (07-Jan-2012)/Tiesto - Club Life 249 (2012-01-07) Part 2.mp3,105.37,M
Tiesto - Club Life 249 (07-Jan-2012)/tracklist.txt,1.43,K
Tiesto - Club Life 250 (14-Jan-2012)/Tiesto - Club Life 250 (2012-01-14).mp3,271.04,M
Tiesto - Club Life 250 (14-Jan-2012)/tracklist.txt,1.32,K
