User Type,Username,Date,Text
[V],SAIMOR,2011-04-22T00:03Z,"Bedankt Hornigold.


SAIMOR/ROMIAS (The Interceptor)"
,Ichthus,2011-04-22T23:47Z,Ontzettend bedankt voor weer een nieuw deel van deze intrigerende serie.
,lilith2002,2011-07-17T17:47Z,Geweldige serie - Thanks
