Filename,Size,Unit
d18_hollymichaels.wmv,726.67,M
