Filename,Size,Unit
Another.Earth.2011.DVDRip.XviD-ViP3R(Sample).avi,8.67,M
Another.Earth.2011.DVDRip.XviD-ViP3R.avi,696.01,M
Another.Earth.2011.DVDRip.XviD-ViP3R.nfo,1.95,K
READ this before playing the Movie.txt,473,B
SUBS/Another.Earth.2011.DVDRip.XviD-ViP3R.idx,113.83,K
SUBS/Another.Earth.2011.DVDRip.XviD-ViP3R.sub,8.4,M
www.Torrenting.com.txt,473,B
