Filename,Size,Unit
ASTRO_File_Manager_Pro_v3.0 szoheb.apk,1.55,M
install notes.txt,1.69,K
