Filename,Size,Unit
Payback (Sample) - DVDRip - XviD - 1CDRip - [DDR].avi,5.37,M
Payback (Screens) - DVDRip - XviD - 1CDRip - [DDR]/1.png,202.54,K
Payback (Screens) - DVDRip - XviD - 1CDRip - [DDR]/2.png,197.82,K
Payback (Screens) - DVDRip - XviD - 1CDRip - [DDR]/3.png,205.08,K
Payback (Screens) - DVDRip - XviD - 1CDRip - [DDR]/4.png,219.88,K
Payback (Screens) - DVDRip - XviD - 1CDRip - [DDR]/5.png,198.04,K
Payback (Screens) - DVDRip - XviD - 1CDRip - [DDR]/6.png,190.8,K
Payback (Screens) - DVDRip - XviD - 1CDRip - [DDR]/7.png,129.46,K
Payback (Screens) - DVDRip - XviD - 1CDRip - [DDR]/8.png,217.75,K
Payback - DVDRip - XviD - 1CDRip - [DDR].avi,698.3,M
Payback - DVDRip - XviD - 1CDRip - [DDR].gif,37.58,K
Payback - DVDRip - XviD - 1CDRip - [DDR].srt,80.55,K
www.mastitorrents.com.nfo,310,B
