Filename,Size,Unit
mc_jessierogers-mp4FullHigh-1.mp4,367.4,M
