Filename,Size,Unit
F1 Classics - 2008 FIA Season Review Part1.avi,1.28,G
F1 Classics - 2008 FIA Season Review Part2.avi,1.32,G
F1 Classics - 2009 FIA Season Review Extras.avi,307.95,M
