Filename,Size,Unit
500k--k34-4.gif,6,M
500k--k34-1.gif,5.93,M
500k--j34-2.gif,5.74,M
001m--l34.gif,5.72,M
500k--k34-2.gif,5.7,M
500k--k33-1.gif,5.56,M
200k--j34-03.gif,5.4,M
100k--k35-086.gif,5.4,M
200k--k34-17.gif,5.25,M
050k--j34-056-2.gif,5.21,M
500k--l34-4.gif,5.21,M
050k--k35-086-4.gif,5.19,M
200k--k34-33.gif,5.14,M
200k--k34-08.gif,5.09,M
200k--j34-04.gif,5.08,M
500k--k35-1.gif,5.07,M
500k--l35-3.gif,5.05,M
050k--k34-082-3.gif,5.03,M
500k--l34-3.gif,5.01,M
050k--k34-069-4.gif,4.99,M
100k--k35-073.gif,4.95,M
050k--j34-044-3.gif,4.95,M
500k--k33-4.gif,4.92,M
050k--k34-138-3.gif,4.88,M
100k--k35-085.gif,4.87,M
500k--l34-2.gif,4.83,M
050k--k35-068-3.gif,4.83,M
050k--k35-099-1.gif,4.83,M
200k--k34-23.gif,4.83,M
050k--k34-082-1.gif,4.83,M
100k--k35-074.gif,4.81,M
050k--k34-138-1.gif,4.77,M
200k--j34-11.gif,4.76,M
050k--k35-086-1.gif,4.75,M
200k--j34-18.gif,4.74,M
050k--k34-022-3.gif,4.73,M
050k--j34-032-3.gif,4.72,M
100k--k35-087.gif,4.7,M
200k--k34-28.gif,4.69,M
050k--k35-101-1.gif,4.68,M
050k--k34-047-2.gif,4.67,M
200k--k34-01.gif,4.66,M
050k--k38-013-3.gif,4.65,M
050k--k35-101-3.gif,4.65,M
050k--k34-105-1.gif,4.63,M
050k--k34-093-4.gif,4.63,M
050k--k34-104-2.gif,4.63,M
050k--k35-037-4.gif,4.63,M
050k--k35-086-2.gif,4.61,M
050k--j34-032-4.gif,4.61,M
200k--j34-17.gif,4.6,M
050k--k34-083-1.gif,4.58,M
200k--k34-24.gif,4.58,M
050k--k35-099-2.gif,4.57,M
050k--k35-037-2.gif,4.57,M
050k--j34-044-1.gif,4.56,M
200k--k34-34.gif,4.56,M
050k--k34-066-4.gif,4.55,M
050k--k34-081-4.gif,4.54,M
050k--k35-098-2.gif,4.54,M
050k--k35-043-1.gif,4.53,M
050k--k35-039-3.gif,4.5,M
050k--k35-085-2.gif,4.48,M
050k--k34-058-1.gif,4.46,M
050k--j34-018-3.gif,4.44,M
050k--j34-019-1.gif,4.44,M
050k--k35-038-3.gif,4.44,M
500k--k34-3.gif,4.44,M
050k--k35-041-4.gif,4.43,M
050k--k35-074-2.gif,4.43,M
200k--j34-16.gif,4.43,M
050k--k38-014-1.gif,4.42,M
050k--k35-038-1.gif,4.42,M
050k--k34-067-1.gif,4.41,M
050k--k35-038-4.gif,4.4,M
050k--j34-057-1.gif,4.4,M
050k--k34-090-4.gif,4.4,M
050k--k35-087-3.gif,4.39,M
050k--j34-019-4.gif,4.39,M
050k--k34-069-1.gif,4.38,M
050k--k35-086-3.gif,4.38,M
050k--k35-029-3.gif,4.38,M
050k--k35-040-3.gif,4.37,M
050k--k34-067-2.gif,4.36,M
050k--j34-032-1.gif,4.36,M
050k--k34-103-1.gif,4.35,M
050k--k34-094-1.gif,4.35,M
050k--k34-095-2.gif,4.35,M
050k--k35-073-2.gif,4.35,M
050k--j34-044-4.gif,4.34,M
050k--k34-083-4.gif,4.34,M
050k--k34-079-3.gif,4.34,M
050k--k34-070-1.gif,4.33,M
050k--k34-138-4.gif,4.32,M
050k--k35-037-1.gif,4.32,M
050k--k34-045-2.gif,4.31,M
200k--j34-02.gif,4.31,M
050k--j34-031-4.gif,4.31,M
050k--k34-070-4.gif,4.29,M
200k--k34-22.gif,4.29,M
050k--k34-036-3.gif,4.29,M
050k--k34-096-1.gif,4.29,M
050k--k35-087-1.gif,4.29,M
050k--k38-013-1.gif,4.29,M
050k--j34-043-2.gif,4.29,M
050k--j34-019-3.gif,4.29,M
050k--k34-048-1.gif,4.28,M
050k--k34-108-1.gif,4.27,M
050k--k35-043-2.gif,4.27,M
100k--l34-141.gif,4.27,M
050k--k34-022-4.gif,4.27,M
050k--k34-104-4.gif,4.27,M
050k--k34-079-4.gif,4.26,M
100k--k34-022.gif,4.26,M
050k--k34-072-2.gif,4.24,M
050k--j34-045-3.gif,4.23,M
050k--k34-046-1.gif,4.22,M
050k--k35-067-2.gif,4.22,M
050k--k34-070-3.gif,4.22,M
050k--k34-035-4.gif,4.21,M
050k--k35-085-4.gif,4.21,M
050k--k34-094-2.gif,4.21,M
050k--j34-043-4.gif,4.2,M
050k--j34-018-1.gif,4.2,M
050k--k35-100-1.gif,4.2,M
050k--k34-105-2.gif,4.19,M
050k--k35-049-1.gif,4.19,M
050k--k34-069-3.gif,4.19,M
050k--k35-040-4.gif,4.19,M
050k--k34-058-3.gif,4.19,M
200k--k34-35.gif,4.18,M
050k--k34-071-4.gif,4.18,M
200k--k34-16.gif,4.17,M
050k--k34-048-2.gif,4.17,M
050k--j34-007-4.gif,4.17,M
050k--k34-091-1.gif,4.17,M
050k--j34-044-2.gif,4.17,M
050k--k34-084-3.gif,4.16,M
050k--j34-031-1.gif,4.16,M
200k--k34-29.gif,4.16,M
050k--k35-073-4.gif,4.15,M
050k--k35-097-1.gif,4.14,M
050k--k35-074-3.gif,4.14,M
100k--k34-072.gif,4.14,M
200k--k35-25.gif,4.14,M
050k--j34-007-1.gif,4.14,M
050k--j34-008-2.gif,4.14,M
050k--k35-040-1.gif,4.14,M
050k--k34-105-3.gif,4.13,M
100k--k34-057.gif,4.13,M
050k--k34-057-4.gif,4.13,M
050k--k35-026-3.gif,4.13,M
050k--k35-098-1.gif,4.12,M
050k--k34-080-3.gif,4.12,M
050k--k34-035-1.gif,4.12,M
050k--j34-007-2.gif,4.11,M
050k--k35-051-4.gif,4.11,M
050k--k34-132-3.gif,4.1,M
050k--k34-082-2.gif,4.1,M
100k--k34-084.gif,4.1,M
050k--k34-084-1.gif,4.1,M
100k--k35-088.gif,4.1,M
100k--k34-070.gif,4.09,M
050k--k35-074-4.gif,4.09,M
050k--k35-100-2.gif,4.09,M
050k--j34-032-2.gif,4.07,M
050k--k34-138-2.gif,4.07,M
050k--k34-046-3.gif,4.07,M
050k--k34-072-3.gif,4.07,M
050k--k34-072-4.gif,4.07,M
050k--k35-025-3.gif,4.06,M
050k--j34-057-2.gif,4.06,M
050k--k35-085-3.gif,4.05,M
050k--j34-031-2.gif,4.05,M
100k--k34-095.gif,4.05,M
050k--k35-041-3.gif,4.04,M
050k--k35-029-4.gif,4.04,M
050k--k34-103-3.gif,4.04,M
050k--k35-087-4.gif,4.04,M
050k--k34-090-3.gif,4.03,M
050k--j34-008-4.gif,4.03,M
050k--k34-095-1.gif,4.03,M
100k--k34-083.gif,4.03,M
050k--k34-071-3.gif,4.03,M
050k--j34-009-2.gif,4.03,M
050k--k34-139-3.gif,4.03,M
050k--k34-072-1.gif,4.02,M
500k--k33-3.gif,4.02,M
100k--k35-075.gif,4.01,M
050k--k35-044-1.gif,4.01,M
050k--k34-035-3.gif,4.01,M
050k--k34-116-2.gif,4,M
050k--k34-048-4.gif,4,M
050k--k34-083-3.gif,4,M
050k--j34-018-4.gif,4,M
050k--k34-141-1.gif,4,M
050k--k34-057-2.gif,4,M
050k--k34-060-2.gif,3.99,M
050k--k35-074-1.gif,3.99,M
050k--k34-093-2.gif,3.99,M
050k--k34-034-2.gif,3.99,M
050k--k35-052-3.gif,3.98,M
050k--k34-126-2.gif,3.98,M
050k--j34-020-3.gif,3.98,M
050k--j34-007-3.gif,3.98,M
050k--k34-068-1.gif,3.98,M
050k--j34-019-2.gif,3.97,M
050k--j34-034-3.gif,3.97,M
050k--j34-006-1.gif,3.97,M
050k--k35-097-2.gif,3.97,M
050k--k35-037-3.gif,3.97,M
050k--k34-102-4.gif,3.96,M
050k--k35-088-3.gif,3.96,M
050k--k35-025-4.gif,3.96,M
050k--k34-021-2.gif,3.96,M
500k--l34-1.gif,3.96,M
050k--k34-023-3.gif,3.95,M
050k--k35-039-2.gif,3.95,M
050k--k34-141-4.gif,3.95,M
050k--j34-008-3.gif,3.95,M
200k--k34-07.gif,3.94,M
050k--k35-088-2.gif,3.94,M
050k--k34-106-1.gif,3.94,M
050k--k34-131-4.gif,3.94,M
050k--k35-029-1.gif,3.93,M
050k--k35-041-2.gif,3.93,M
100k--k34-021.gif,3.93,M
100k--k34-071.gif,3.93,M
050k--k34-139-1.gif,3.92,M
050k--k35-038-2.gif,3.92,M
050k--k35-088-4.gif,3.91,M
050k--k34-083-2.gif,3.91,M
050k--k34-078-4.gif,3.91,M
050k--k34-127-1.gif,3.9,M
050k--k34-022-1.gif,3.9,M
050k--k34-079-1.gif,3.9,M
050k--k35-041-1.gif,3.89,M
050k--k35-098-3.gif,3.89,M
050k--k35-080-1.gif,3.89,M
050k--j34-033-3.gif,3.88,M
050k--k35-067-4.gif,3.88,M
050k--k34-036-4.gif,3.88,M
050k--k35-051-3.gif,3.88,M
050k--j34-006-3.gif,3.88,M
050k--k35-040-2.gif,3.87,M
050k--k34-092-3.gif,3.87,M
050k--k35-109-1.gif,3.87,M
100k--k35-067.gif,3.86,M
050k--k34-096-3.gif,3.86,M
050k--l35-086-3.gif,3.86,M
050k--l35-086-4.gif,3.85,M
050k--k34-114-1.gif,3.85,M
050k--k34-094-3.gif,3.84,M
050k--k34-117-2.gif,3.84,M
050k--k34-090-1.gif,3.84,M
050k--j34-045-4.gif,3.84,M
100k--k34-045.gif,3.83,M
050k--l35-086-1.gif,3.83,M
050k--k34-060-4.gif,3.82,M
050k--k34-082-4.gif,3.81,M
050k--k34-059-1.gif,3.8,M
100k--k34-107.gif,3.8,M
050k--k35-049-2.gif,3.8,M
050k--k34-071-2.gif,3.8,M
050k--k34-059-2.gif,3.8,M
050k--k35-088-1.gif,3.79,M
050k--k35-061-3.gif,3.79,M
050k--k34-091-2.gif,3.79,M
050k--j34-058-3.gif,3.79,M
050k--k34-094-4.gif,3.79,M
100k--k34-046.gif,3.79,M
200k--j34-05.gif,3.77,M
050k--k35-073-1.gif,3.77,M
050k--j34-056-1.gif,3.77,M
050k--k34-126-4.gif,3.76,M
050k--k35-026-4.gif,3.75,M
050k--k34-107-3.gif,3.75,M
050k--k34-096-4.gif,3.75,M
050k--k34-070-2.gif,3.75,M
050k--k34-091-3.gif,3.74,M
050k--j34-031-3.gif,3.74,M
050k--k35-100-4.gif,3.73,M
050k--k35-030-4.gif,3.73,M
050k--k34-127-4.gif,3.73,M
050k--k34-108-2.gif,3.72,M
050k--j34-043-3.gif,3.72,M
050k--k35-042-1.gif,3.72,M
050k--k34-084-4.gif,3.72,M
050k--k35-087-2.gif,3.72,M
500k--k35-4.gif,3.72,M
050k--j34-030-1.gif,3.72,M
050k--k35-067-1.gif,3.72,M
100k--k34-096.gif,3.71,M
050k--k35-068-4.gif,3.71,M
050k--k35-050-1.gif,3.71,M
050k--j34-056-3.gif,3.7,M
050k--k34-116-1.gif,3.7,M
050k--k34-078-3.gif,3.7,M
050k--k35-085-1.gif,3.7,M
050k--k34-092-1.gif,3.7,M
050k--k34-104-3.gif,3.69,M
050k--k35-042-2.gif,3.69,M
050k--k35-039-1.gif,3.69,M
050k--k34-106-2.gif,3.69,M
100k--k34-106.gif,3.69,M
050k--k35-029-2.gif,3.69,M
050k--k35-073-3.gif,3.69,M
050k--k35-062-3.gif,3.68,M
050k--k34-095-3.gif,3.68,M
050k--j34-045-1.gif,3.68,M
050k--k35-076-4.gif,3.68,M
050k--k35-067-3.gif,3.67,M
050k--k35-027-3.gif,3.67,M
050k--k34-140-3.gif,3.67,M
050k--k34-093-3.gif,3.67,M
050k--k34-096-2.gif,3.67,M
050k--j34-006-4.gif,3.66,M
050k--k35-075-3.gif,3.66,M
050k--k34-084-2.gif,3.66,M
050k--l35-086-2.gif,3.66,M
050k--k34-095-4.gif,3.66,M
100k--k34-082.gif,3.65,M
100k--k34-048.gif,3.64,M
100k--k34-058.gif,3.64,M
050k--k34-129-3.gif,3.63,M
050k--k38-013-4.gif,3.63,M
050k--k34-069-2.gif,3.63,M
050k--k34-090-2.gif,3.62,M
050k--k34-114-4.gif,3.61,M
050k--k34-035-2.gif,3.61,M
050k--k34-058-2.gif,3.61,M
050k--k34-129-4.gif,3.61,M
100k--k34-069.gif,3.61,M
050k--k35-076-3.gif,3.61,M
050k--k34-071-1.gif,3.6,M
050k--k35-030-2.gif,3.6,M
050k--k34-058-4.gif,3.6,M
100k--l35-109--(1972).gif,3.59,M
050k--k35-017-3.gif,3.59,M
050k--k35-030-3.gif,3.59,M
050k--k38-014-3.gif,3.59,M
050k--k35-076-2.gif,3.59,M
050k--k34-141-2.gif,3.58,M
050k--k35-079-2.gif,3.58,M
050k--k35-097-4.gif,3.58,M
100k--k35-099.gif,3.58,M
050k--k35-031-3.gif,3.57,M
200k--l35-29.gif,3.57,M
050k--k34-060-3.gif,3.57,M
050k--k34-067-3.gif,3.57,M
050k--k34-119-2.gif,3.56,M
050k--j34-030-2.gif,3.56,M
050k--k34-046-2.gif,3.56,M
050k--j34-010-3.gif,3.56,M
050k--j34-046-3.gif,3.56,M
050k--k34-079-2.gif,3.56,M
100k--k35-007.gif,3.56,M
050k--k35-061-4.gif,3.55,M
200k--l35-23.gif,3.55,M
050k--k34-009-4.gif,3.54,M
050k--k35-068-1.gif,3.54,M
050k--k34-132-1.gif,3.54,M
050k--k35-043-3.gif,3.54,M
050k--j34-010-1.gif,3.54,M
100k--k34-060.gif,3.53,M
050k--k34-104-1.gif,3.53,M
050k--k35-044-3.gif,3.53,M
050k--k35-028-4.gif,3.52,M
050k--k34-117-1.gif,3.52,M
050k--k35-007-2.gif,3.52,M
100k--k34-036.gif,3.51,M
100k--k34-059.gif,3.51,M
050k--k34-140-4.gif,3.51,M
200k--k34-36.gif,3.51,M
050k--k35-028-3.gif,3.51,M
050k--k34-048-3.gif,3.5,M
050k--k34-010-3.gif,3.5,M
050k--k34-105-4.gif,3.5,M
050k--j34-058-4.gif,3.5,M
050k--k35-039-4.gif,3.49,M
050k--j34-009-1.gif,3.49,M
050k--k35-089-3.gif,3.49,M
050k--k35-077-2.gif,3.48,M
050k--k34-139-4.gif,3.47,M
050k--k34-067-4.gif,3.47,M
050k--k34-059-3.gif,3.47,M
050k--j34-057-3.gif,3.46,M
050k--k35-075-4.gif,3.46,M
050k--j34-006-2.gif,3.45,M
050k--k35-017-1.gif,3.45,M
050k--k34-068-2.gif,3.45,M
050k--k34-093-1.gif,3.44,M
050k--k34-119-1.gif,3.44,M
050k--k34-107-2.gif,3.44,M
050k--k34-078-1.gif,3.43,M
100k--k34-047.gif,3.43,M
050k--k35-049-3.gif,3.42,M
050k--k34-131-1.gif,3.42,M
500k--k33-2.gif,3.41,M
050k--k34-128-2.gif,3.41,M
050k--k35-032-1.gif,3.41,M
050k--k34-059-4.gif,3.4,M
050k--j34-045-2.gif,3.4,M
050k--k34-081-2.gif,3.4,M
050k--k34-107-1.gif,3.4,M
050k--j34-009-3.gif,3.39,M
050k--k34-116-4.gif,3.39,M
100k--k34-094.gif,3.39,M
050k--k35-052-2.gif,3.39,M
050k--j34-058-1.gif,3.39,M
050k--k34-045-4.gif,3.39,M
050k--k35-052-1.gif,3.38,M
050k--j34-018-2.gif,3.38,M
050k--k34-115-4.gif,3.38,M
050k--k34-117-3.gif,3.37,M
100k--k35-076.gif,3.37,M
050k--k35-050-2.gif,3.36,M
050k--k34-078-2.gif,3.36,M
050k--k34-047-4.gif,3.36,M
050k--j34-023-3.gif,3.36,M
050k--j34-060-1.gif,3.36,M
050k--k34-115-3.gif,3.36,M
050k--j34-056-4.gif,3.36,M
050k--k35-065-3.gif,3.35,M
050k--k35-017-2.gif,3.35,M
050k--k35-077-1.gif,3.34,M
050k--k34-047-3.gif,3.34,M
050k--k35-032-2.gif,3.34,M
050k--k34-127-2.gif,3.33,M
100k--k34-035.gif,3.33,M
050k--k35-030-1.gif,3.33,M
050k--k35-101-2.gif,3.32,M
050k--k35-042-3.gif,3.31,M
050k--k34-127-3.gif,3.31,M
050k--k38-025-3.gif,3.31,M
050k--k34-114-2.gif,3.3,M
050k--k34-036-1.gif,3.3,M
050k--k35-064-4.gif,3.3,M
500k--j35-2.gif,3.3,M
050k--k34-108-3.gif,3.3,M
100k--k34-034.gif,3.29,M
100k--k35-016--(1962).gif,3.29,M
050k--k35-075-1.gif,3.29,M
050k--k35-017-4.gif,3.28,M
050k--k34-081-3.gif,3.28,M
050k--k35-065-4.gif,3.28,M
050k--j34-008-1.gif,3.27,M
050k--k35-025-1.gif,3.26,M
050k--k34-129-1.gif,3.25,M
050k--k35-043-4.gif,3.25,M
050k--k34-139-2.gif,3.24,M
050k--j34-034-4.gif,3.24,M
050k--k35-061-1.gif,3.24,M
050k--k35-018-3.gif,3.23,M
050k--j34-022-2.gif,3.23,M
100k--k35-065.gif,3.23,M
050k--k34-092-4.gif,3.23,M
050k--k34-060-1.gif,3.22,M
050k--k34-128-3.gif,3.21,M
050k--k35-027-4.gif,3.21,M
050k--k34-115-1.gif,3.21,M
050k--k35-078-2.gif,3.21,M
050k--k35-113-1.gif,3.21,M
050k--k34-080-2.gif,3.2,M
050k--j34-021-1.gif,3.2,M
050k--k38-013-2.gif,3.2,M
050k--k35-077-3.gif,3.2,M
050k--k34-131-2.gif,3.2,M
050k--k35-031-1.gif,3.19,M
050k--k34-108-4.gif,3.19,M
050k--k34-080-1.gif,3.18,M
050k--k35-028-2.gif,3.17,M
050k--j34-059-1.gif,3.17,M
050k--k34-131-3.gif,3.16,M
050k--k35-007-4.gif,3.16,M
050k--k35-016-4.gif,3.15,M
100k--k38-025.gif,3.15,M
050k--k35-089-1.gif,3.14,M
050k--k35-080-2.gif,3.14,M
050k--k35-053-1.gif,3.14,M
050k--k35-019-3.gif,3.14,M
100k--k35-008.gif,3.14,M
050k--l34-142-3.gif,3.13,M
050k--k35-006-4.gif,3.13,M
050k--k35-031-4.gif,3.12,M
050k--k34-119-4.gif,3.12,M
050k--k35-112-2.gif,3.12,M
050k--j34-022-4.gif,3.11,M
050k--k35-018-1.gif,3.11,M
050k--k38-026-1.gif,3.1,M
050k--k34-023-4.gif,3.1,M
050k--k35-112-1.gif,3.1,M
050k--k35-064-3.gif,3.09,M
050k--k34-047-1.gif,3.08,M
050k--k35-062-4.gif,3.07,M
050k--k35-031-2.gif,3.07,M
500k--r35-1_2.gif,3.07,M
050k--k34-010-1.gif,3.07,M
050k--j34-060-3.gif,3.07,M
050k--k34-065-3.gif,3.07,M
050k--k35-050-4.gif,3.06,M
050k--k35-006-3.gif,3.06,M
050k--k35-014-3.gif,3.06,M
050k--k34-141-3.gif,3.06,M
050k--k34-046-4.gif,3.06,M
050k--k35-051-1.gif,3.05,M
050k--k35-008-3.gif,3.05,M
050k--k35-032-3.gif,3.04,M
050k--k34-080-4.gif,3.04,M
050k--k34-115-2.gif,3.04,M
050k--j34-058-2.gif,3.03,M
050k--k35-051-2.gif,3.02,M
050k--k35-007-1.gif,3.02,M
050k--k35-042-4.gif,3.02,M
050k--j34-046-2.gif,3.02,M
050k--k34-106-3.gif,3.01,M
050k--j34-057-4.gif,3.01,M
050k--k34-081-1.gif,3.01,M
050k--j34-043-1.gif,3,M
050k--k35-066-2.gif,3,M
050k--j34-046-1.gif,3,M
050k--k35-078-1.gif,3,M
050k--k35-025-2.gif,2.99,M
050k--k34-034-4.gif,2.99,M
050k--k34-144-4.gif,2.99,M
050k--k35-020-3.gif,2.99,M
050k--k38-026-3.gif,2.99,M
050k--k34-068-3.gif,2.99,M
200k--j34-15.gif,2.98,M
050k--k35-089-4.gif,2.97,M
050k--k34-140-1.gif,2.97,M
050k--k38-025-2.gif,2.97,M
050k--k35-076-1.gif,2.97,M
050k--k35-018-2.gif,2.96,M
050k--k34-120-3.gif,2.96,M
050k--l34-141-4.gif,2.96,M
050k--k35-063-2.gif,2.95,M
050k--k35-019-1.gif,2.94,M
050k--k35-004-4.gif,2.94,M
050k--k35-005-4.gif,2.94,M
050k--k35-005-3.gif,2.94,M
050k--k35-016-1.gif,2.93,M
050k--k34-022-2.gif,2.93,M
500k--j35-4.gif,2.93,M
500k--k35-3.gif,2.92,M
050k--k38-026-4.gif,2.92,M
050k--k38-026-2.gif,2.92,M
050k--k35-050-3.gif,2.92,M
050k--k35-016-2.gif,2.91,M
050k--j34-009-4.gif,2.91,M
050k--j34-059-4.gif,2.89,M
050k--k34-103-2.gif,2.89,M
100k--j34-017.gif,2.89,M
100k--k38-014.gif,2.89,M
050k--k34-065-2.gif,2.88,M
100k--k34-010.gif,2.88,M
050k--k34-116-3.gif,2.87,M
050k--k35-005-2.gif,2.87,M
050k--k35-005-1.gif,2.87,M
050k--k35-018-4.gif,2.86,M
050k--k34-140-2.gif,2.86,M
050k--k35-020-4.gif,2.85,M
100k--k38-026.gif,2.84,M
050k--k35-006-1.gif,2.84,M
050k--k34-128-1.gif,2.84,M
050k--k35-032-4.gif,2.84,M
050k--j34-046-4.gif,2.83,M
050k--k34-065-4.gif,2.83,M
050k--k35-049-4.gif,2.83,M
050k--k34-010-4.gif,2.83,M
050k--k35-007-3.gif,2.82,M
500k--k35-2.gif,2.81,M
050k--k38-014-2.gif,2.81,M
050k--k34-009-2.gif,2.81,M
050k--k34-036-2.gif,2.81,M
050k--k34-114-3.gif,2.8,M
050k--k35-008-1.gif,2.8,M
050k--k38-025-1.gif,2.8,M
050k--k35-066-3.gif,2.8,M
050k--k35-098-4.gif,2.78,M
050k--k35-063-4.gif,2.78,M
100k--k35-138.gif,2.77,M
050k--k34-128-4.gif,2.77,M
050k--k35-014-1.gif,2.77,M
100k--k38-013.gif,2.76,M
050k--k34-118-4.gif,2.76,M
100k--l34-142.gif,2.76,M
050k--j34-033-4.gif,2.76,M
050k--k35-026-1.gif,2.75,M
050k--k35-055-4.gif,2.74,M
050k--k35-054-2.gif,2.74,M
050k--k35-064-2.gif,2.74,M
050k--k34-144-1.gif,2.73,M
050k--k35-026-2.gif,2.73,M
050k--k35-055-3.gif,2.72,M
050k--k35-015-2.gif,2.72,M
050k--j34-033-2.gif,2.71,M
050k--k35-055-2.gif,2.71,M
050k--k35-066-4.gif,2.7,M
050k--k35-027-2.gif,2.7,M
050k--k34-118-1.gif,2.69,M
050k--k34-107-4.gif,2.69,M
050k--j34-060-4.gif,2.69,M
050k--k35-109-3.gif,2.69,M
100k--l35-140--(1972).gif,2.68,M
050k--k35-063-3.gif,2.68,M
050k--k35-028-1.gif,2.68,M
100k--j34-042.gif,2.68,M
050k--j34-034-1.gif,2.68,M
050k--j34-022-3.gif,2.67,M
050k--k35-014-2.gif,2.67,M
050k--l35-139-3.gif,2.67,M
050k--k34-106-4.gif,2.66,M
100k--k35-101.gif,2.66,M
050k--k34-068-4.gif,2.65,M
050k--k34-119-3.gif,2.65,M
050k--k34-065-1.gif,2.65,M
050k--k34-118-2.gif,2.62,M
100k--k35-143.gif,2.62,M
050k--k35-020-2.gif,2.62,M
050k--k34-092-2.gif,2.61,M
500k--a32-4.gif,2.61,M
100k--k35-006.gif,2.61,M
050k--k34-103-4.gif,2.61,M
050k--k35-016-3.gif,2.61,M
050k--k35-101-4.gif,2.61,M
050k--l35-138-4.gif,2.61,M
050k--l35-140-3.gif,2.61,M
100k--l35-118--(1971).gif,2.6,M
100k--k35-080.gif,2.6,M
050k--k35-015-1.gif,2.59,M
050k--k35-020-1.gif,2.59,M
100k--k34-023.gif,2.59,M
050k--k35-054-4.gif,2.59,M
050k--k35-099-3.gif,2.58,M
050k--j34-020-2.gif,2.57,M
050k--k35-027-1.gif,2.56,M
100k--l35-137.gif,2.56,M
050k--k34-118-3.gif,2.55,M
050k--k34-024-3.gif,2.55,M
200k--l35-24.gif,2.55,M
100k--k35-139.gif,2.54,M
050k--k35-090-3.gif,2.54,M
050k--k35-061-2.gif,2.54,M
050k--k35-065-2.gif,2.54,M
050k--k34-129-2.gif,2.54,M
050k--k35-054-3.gif,2.53,M
050k--k35-008-2.gif,2.52,M
050k--k35-133-1.gif,2.51,M
050k--k38-025-4.gif,2.51,M
100k--l35-138.gif,2.5,M
050k--k34-010-2.gif,2.5,M
100k--k35-005.gif,2.5,M
050k--k34-024-2.gif,2.5,M
100k--l35-140.gif,2.49,M
050k--k35-065-1.gif,2.49,M
050k--k35-062-1.gif,2.49,M
100k--l35-107--(1972).gif,2.49,M
050k--k35-100-3.gif,2.49,M
050k--k34-011-3.gif,2.48,M
050k--k35-063-1.gif,2.47,M
050k--k35-097-3.gif,2.47,M
050k--j34-059-3.gif,2.47,M
050k--k35-006-2.gif,2.47,M
050k--k35-066-1.gif,2.47,M
050k--k35-064-1.gif,2.46,M
050k--k34-117-4.gif,2.46,M
050k--k35-054-1.gif,2.46,M
050k--k34-012-4.gif,2.46,M
050k--k35-019-4.gif,2.45,M
050k--k34-024-4.gif,2.44,M
050k--k34-126-1.gif,2.44,M
050k--k35-075-2.gif,2.44,M
050k--k35-062-2.gif,2.43,M
050k--j34-010-4.gif,2.43,M
100k--k37-119.gif,2.43,M
050k--k34-120-2.gif,2.42,M
200k--j34-12.gif,2.42,M
050k--k35-056-3.gif,2.41,M
050k--k34-132-4.gif,2.41,M
050k--k35-044-2.gif,2.41,M
050k--k35-019-2.gif,2.41,M
500k--j34-1.gif,2.39,M
100k--j38-006.gif,2.38,M
050k--k34-023-2.gif,2.37,M
100k--k35-132.gif,2.37,M
050k--l35-138-3.gif,2.37,M
050k--j34-020-4.gif,2.37,M
050k--k35-052-4.gif,2.36,M
050k--l35-140-4.gif,2.36,M
050k--k35-053-2.gif,2.36,M
050k--k35-021-3.gif,2.35,M
050k--k35-077-4.gif,2.35,M
050k--l35-139-4.gif,2.34,M
050k--k35-109-2.gif,2.34,M
050k--k35-002-4.gif,2.34,M
100k--k35-068.gif,2.34,M
050k--k35-013-2.gif,2.34,M
100k--k35-089.gif,2.34,M
050k--j34-035-1.gif,2.32,M
050k--k35-055-1.gif,2.32,M
050k--j34-033-1.gif,2.32,M
050k--j34-035-2.gif,2.31,M
050k--k34-126-3.gif,2.31,M
050k--k35-053-3.gif,2.3,M
050k--k35-015-3.gif,2.3,M
100k--k35-106.gif,2.3,M
100k--k35-077.gif,2.3,M
050k--k35-013-4.gif,2.3,M
050k--k35-113-3.gif,2.29,M
200k--j34-09.gif,2.28,M
050k--k35-001-3.gif,2.28,M
050k--l34-142-1.gif,2.27,M
050k--l34-142-4.gif,2.27,M
050k--k35-013-3.gif,2.26,M
050k--k34-130-1.gif,2.26,M
050k--k34-102-1.gif,2.26,M
050k--k35-015-4.gif,2.26,M
050k--j34-059-2.gif,2.25,M
050k--k35-053-4.gif,2.25,M
100k--k37-118.gif,2.25,M
100k--l35-137--(1972).gif,2.24,M
100k--l35-139--(1972).gif,2.24,M
100k--l35-138--(1972).gif,2.23,M
050k--k35-099-4.gif,2.23,M
050k--k34-024-1.gif,2.23,M
100k--l35-139.gif,2.23,M
100k--j38-017.gif,2.22,M
050k--j34-021-2.gif,2.2,M
100k--k35-142.gif,2.2,M
050k--k35-008-4.gif,2.19,M
050k--k35-044-4.gif,2.19,M
100k--k37-107.gif,2.19,M
050k--j34-030-3.gif,2.18,M
100k--l35-117--(1972).gif,2.18,M
050k--k34-023-1.gif,2.18,M
050k--k35-014-4.gif,2.17,M
100k--l35-119--(1972).gif,2.17,M
100k--k35-115.gif,2.14,M
050k--j34-021-3.gif,2.14,M
100k--k35-079.gif,2.14,M
100k--k35-015.gif,2.13,M
050k--k35-089-2.gif,2.13,M
050k--k34-091-4.gif,2.13,M
100k--k35-120.gif,2.13,M
100k--j38-018.gif,2.12,M
050k--k35-003-3.gif,2.11,M
050k--k35-113-2.gif,2.11,M
050k--j34-021-4.gif,2.09,M
050k--k34-120-1.gif,2.09,M
500k--j34-4.gif,2.09,M
100k--j38-005.gif,2.08,M
050k--k34-011-4.gif,2.08,M
050k--k34-143-2.gif,2.08,M
050k--k35-004-2.gif,2.07,M
050k--k34-130-2.gif,2.07,M
100k--k35-002.gif,2.07,M
050k--k35-121-3.gif,2.07,M
100k--k35-066.gif,2.06,M
100k--j34-054.gif,2.05,M
100k--k35-107.gif,2.05,M
050k--k34-066-3.gif,2.04,M
100k--l35-141--(1972).gif,2.04,M
100k--l34-143.gif,2.04,M
100k--j35-079.gif,2.04,M
050k--k35-090-1.gif,2.02,M
200k--k35-31.gif,2,M
050k--k34-143-4.gif,2,M
050k--k34-132-2.gif,1.99,M
050k--k35-111-2.gif,1.99,M
100k--l35-129--(1972).gif,1.99,M
050k--l34-143-3.gif,1.98,M
050k--k35-001-4.gif,1.98,M
050k--k34-102-3.gif,1.98,M
100k--k35-014.gif,1.97,M
050k--j34-022-1.gif,1.96,M
050k--k35-021-2.gif,1.94,M
050k--k34-130-3.gif,1.93,M
100k--k35-114.gif,1.93,M
100k--k35-131.gif,1.93,M
050k--k35-009-4.gif,1.93,M
050k--k35-110-1.gif,1.93,M
100k--l35-130--(1972).gif,1.92,M
050k--j34-035-3.gif,1.92,M
100k--k35-078.gif,1.91,M
100k--j35-116--(1977).gif,1.91,M
050k--k35-021-1.gif,1.9,M
100k--k35-004.gif,1.89,M
100k--k34-024.gif,1.89,M
050k--k34-012-3.gif,1.88,M
050k--k35-009-3.gif,1.87,M
100k--k34-012.gif,1.87,M
050k--j34-030-4.gif,1.86,M
100k--k35-102.gif,1.86,M
500k--l35-4.gif,1.86,M
100k--j35-017.gif,1.85,M
100k--j35-053.gif,1.85,M
050k--k35-013-1.gif,1.84,M
200k--l35-30.gif,1.84,M
100k--l35-128--(1972).gif,1.84,M
100k--k34-011.gif,1.83,M
050k--l34-142-2.gif,1.83,M
100k--l35-142--(1971).gif,1.83,M
100k--k35-009.gif,1.83,M
050k--k34-066-1.gif,1.83,M
050k--k34-011-1.gif,1.8,M
050k--l35-137-4.gif,1.8,M
050k--j34-034-2.gif,1.8,M
050k--k35-133-2.gif,1.8,M
050k--k35-003-4.gif,1.79,M
050k--k34-011-2.gif,1.79,M
050k--k34-120-4.gif,1.79,M
050k--k35-009-1.gif,1.79,M
100k--l35-105.gif,1.78,M
050k--k35-002-3.gif,1.77,M
100k--l35-116--(1972).gif,1.76,M
100k--l35-120--(1972).gif,1.76,M
050k--k35-021-4.gif,1.75,M
100k--k35-113.gif,1.75,M
050k--j34-012-1.gif,1.74,M
100k--j35-030.gif,1.74,M
050k--k35-004-3.gif,1.72,M
050k--k34-130-4.gif,1.71,M
100k--k35-013.gif,1.71,M
100k--k35-105.gif,1.7,M
500k--j33-2.gif,1.7,M
050k--j34-047-3.gif,1.69,M
050k--k34-142-1.gif,1.69,M
500k--j33-3.gif,1.66,M
050k--k34-142-3.gif,1.65,M
100k--k35-001.gif,1.64,M
050k--j34-035-4.gif,1.64,M
100k--k35-093.gif,1.64,M
100k--j35-042.gif,1.64,M
050k--k35-056-1.gif,1.64,M
100k--l35-104--(1972).gif,1.62,M
100k--k35-140.gif,1.61,M
100k--j35-091.gif,1.61,M
500k--j35-1.gif,1.6,M
100k--k35-092.gif,1.59,M
050k--k34-143-1.gif,1.59,M
100k--k35-090.gif,1.58,M
100k--k35-103.gif,1.57,M
050k--k35-068-2.gif,1.57,M
100k--k35-141.gif,1.54,M
100k--k35-091.gif,1.5,M
200k--j34-06.gif,1.49,M
050k--k35-110-2.gif,1.47,M
100k--k35-137.gif,1.46,M
050k--k35-133-4.gif,1.46,M
050k--k35-022-1.gif,1.46,M
100k--j35-103.gif,1.43,M
100k--k35-126.gif,1.42,M
100k--l35-106.gif,1.42,M
100k--k35-108.gif,1.4,M
100k--k35-119.gif,1.37,M
100k--k35-003.gif,1.37,M
100k--j35-115.gif,1.35,M
050k--k35-010-3.gif,1.31,M
200k--k35-32.gif,1.3,M
100k--k35-128.gif,1.27,M
100k--k35-104.gif,1.27,M
100k--j35-065.gif,1.26,M
050k--k34-144-2.gif,1.24,M
500k--j34-3.gif,1.24,M
050k--k35-111-1.gif,1.2,M
050k--k35-033-1.gif,1.19,M
050k--j34-011-2.gif,1.15,M
050k--j34-010-2.gif,1.14,M
100k--k37-106.gif,1.13,M
500k--j35-3.gif,1.12,M
050k--j34-023-1.gif,1.11,M
050k--k34-144-3.gif,1.08,M
100k--k35-130.gif,1.08,M
100k--k35-127.gif,1.08,M
050k--j34-012-2.gif,1.06,M
050k.gmc,1.02,M
050k--k35-109-4.gif,969.14,K
100k--j35-128.gif,944.22,K
100k--k35-125.gif,941.23,K
100k--k35-010.gif,918.44,K
050k--k35-112-4.gif,886.22,K
050k--k35-022-3.gif,842.24,K
100k--k35-136.gif,815.55,K
100k--l35-108.gif,813.57,K
100k--j35-127.gif,773.47,K
500k--j33-4.gif,738.05,K
100k--k35-129.gif,730.58,K
100k--j35-041.gif,693.57,K
500k--j33-1.gif,692.44,K
100k--k35-081.gif,533.16,K
100k--k35-118.gif,512.33,K
100k--k35-094.gif,468.74,K
100k--k35-116.gif,458.94,K
100k--k35-117.gif,368.46,K
k34.zip,321.75,K
k35.zip,306.05,K
100k--k35-069.gif,294.25,K
100k.gmc,283.46,K
j34.zip,204.12,K
k37.zip,132.23,K
l35.zip,70.93,K
200k.gmc,61.16,K
500k.gmc,60.75,K
l34.zip,30.24,K
k38.zip,14.76,K
j35.zip,13.06,K
j38.zip,3.08,K
k33.zip,3.07,K
j33.zip,3.05,K
r35.zip,809,B
a32.zip,790,B
