Title,Type,Files,Size,IMDB,Spoken Languages,Texted Languages,Tags,Quality (+),Quality (-),Uploaded,By,User Type,Seeders,Leechers,Info Hash,Picture,Capture Date
GreatPhysicists.TheLifeAnd imesOfLeadingPhysicists-reflexes,601,1,6.74 MiB (7070059 Bytes),,,English,"""ebook"",""science"",""physics"",""pdf""",0,0,2011-10-09T13:25:41Z,reflexes,,3,0,2088727D4DF2615C28C0D60FD959BE0E9764F71E,http://image.bayimg.com/pakiiaadg.jpg,2012-05-24T20:36:09Z
