Filename,Size,Unit
ham_asa_zoe-sd169.wmv,497.83,M
