Filename,Size,Unit
Sample/The Hangover Sample.mp4,28.91,M
Sample/The Hangover Part II Sample.mp4,25.04,M
Sample/KiNGDOM NFO Please Read.nfo,11.75,K
The Hangover.mp4,2.5,G
The Hangover Part II.mp4,2.36,G
