Filename,Size,Unit
Merlin.And.The.War.Of.The.Dragons.2008.Swesub.DVDrip.Xvid.AC3-Haggebulle.avi,1.36,G
Seeda efter dej - Som TACK!.txt,32,B
