Title,Type,Files,Size,IMDB,Spoken Languages,Texted Languages,Tags,Quality (+),Quality (-),Uploaded,By,User Type,Seeders,Leechers,Info Hash,Picture,Capture Date
National.Geographic.Nefertitis.Odyssey.HDTV.XviD-OTV,205,27,352.01 MiB (369107757 Bytes),,,,"""National.Geographic.Nefertitis""",0,0,2011-05-11T22:33:31Z,torrentzone,[V],0,1,4C5055BAB8E008DCB32C8138A5890F20836A0FE8,,2012-06-21T08:11:37Z
