Title,Type,Files,Size,IMDB,Spoken Languages,Texted Languages,Tags,Quality (+),Quality (-),Uploaded,By,User Type,Seeders,Leechers,Info Hash,Picture,Capture Date
TRANCE - VA_-_TMP__Clear_Sky_027_(2011)_-_23.03.2011,101,1,156.89 MiB (164513524 Bytes),,,,"""Trance"",""Vocal Trance"",""Uplifting Trance"",""Dream Trance""",0,0,2011-03-23T15:18:43Z,robynet22,,0,0,075B24E36C04AD19320DECD98FD6714D25D1BC9A,,2012-06-25T05:13:05Z
