Title,Type,Files,Size,IMDB,Spoken Languages,Texted Languages,Tags,Quality (+),Quality (-),Uploaded,By,User Type,Seeders,Leechers,Info Hash,Picture,Capture Date
ATKPremium.-.Shyla.Jennings,501,1,453.81 MiB (475855857 Bytes),,,,,0,0,2011-10-22T21:15:55Z,exmnova,[T],1,0,DAB11E542ECFE392D2AEBFE6608B1DC5F4739885,,2012-05-23T20:59:52Z
