Filename,Size,Unit
11.06.01.Jessica Lux_MikesApartment.mp4,429.82,M
