Filename,Size,Unit
Other/AhaShare.com.txt,59,B
Other/Torrent downloaded from Demonoid.com - Copy.txt,47,B
Other/Torrent Downloaded From ExtraTorrent.com.txt,353,B
Step Up 2 The Streets 2008.720p.BrRip.x264.YIFY.mp4,599.5,M
Step Up 2 The Streets 2008.720p.BrRip.x264.YIFY.srt,81.65,K
WWW.YIFY-TORRENTS.COM.jpg,127.61,K
