Title,Type,Files,Size,IMDB,Spoken Languages,Texted Languages,Tags,Quality (+),Quality (-),Uploaded,By,User Type,Seeders,Leechers,Info Hash,Picture,Capture Date
Moor Music #61 with Andy Moor -11-11-11-,101,1,82.84 MiB (86864393 Bytes),,,,,0,0,2011-11-12T21:51:33Z,narrenpost,,1,0,C1FB6B02556569A376D5F1B6C7FA25B247B4F26C,http://image.bayimg.com/makmfaado.jpg,2012-05-19T01:23:10Z
