Title,Type,Files,Size,IMDB,Spoken Languages,Texted Languages,Tags,Quality (+),Quality (-),Uploaded,By,User Type,Seeders,Leechers,Info Hash,Picture,Capture Date
Thank You - 2011 - DVDRip - XviD - 1CDRip - Dustorrents,201,22,706.79 MiB (741121143 Bytes),,,,,0,0,2011-08-14T05:07:07Z,Anonymous,,2,2,BADA3F97C3F13A6994334EB1D4F956482548CF55,,2012-06-14T00:02:28Z
