Filename,Size,Unit
First Read This Guide.txt,513,B
national.memorial.day.concert.2011.hdtv.xvid-fqm.avi,700.79,M
national.memorial.day.concert.2011.hdtv.xvid-fqm.nfo,8.9,K
www.Torrentday.com.txt,513,B
