Filename,Size,Unit
nbwscarlettjack_2k.wmv,384.49,M
