Title,Type,Files,Size,IMDB,Spoken Languages,Texted Languages,Tags,Quality (+),Quality (-),Uploaded,By,User Type,Seeders,Leechers,Info Hash,Picture,Capture Date
Hot Ebony Girl With Small Tits And Shaved Pussy Dances Naked In ,506,1,22.09 MiB (23165338 Bytes),,,,"""amateur homemade ebony small.t""",0,0,2012-01-12T13:13:57Z,mrdrake96,[T],3,1,25DACD5B957A6F3B62D7B80E19A3CE9C1588D7BE,,2012-05-13T14:33:06Z
