Filename,Size,Unit
Hyperbolic Conservation Laws in Continuum Physics.pdf,4.53,M
