Filename,Size,Unit
11_Alestorm_-_Death_Throes_of_the_Terrorsquid.mp3,16,M
01_Alestorm_-_Back_Through_Time.mp3,10.28,M
10_alestorm_-_barretts_privateers.mp3,9.61,M
06_alestorm_-_scraping_the_barrel.mp3,9.45,M
03_alestorm_-_the_sunkn_norwegian.mp3,8.48,M
08_alestorm_-_swashbuckled.mp3,7.97,M
07_alestorm_-_rum.mp3,7.21,M
02_alestorm_-_shipwrecked.mp3,7.15,M
04_alestorm_-_midget_saw.mp3,6.86,M
12_alestorm_-_i_am_a_cider_drinker_(limited_edition_bonus_track).mp3,6.24,M
05_alestorm_-_buckfast_powersmash.mp3,5.24,M
13_alestorm_-_you_are_a_pirate_(limited_edition_bonus_track).mp3,3.11,M
09_alestorm_-_rumpelkombo.mp3,132.04,K
folder.jpg,110.39,K
00_alestorm_-_back_through_time-limited_edition_cd-2011.nfo,2.33,K
00_alestorm_-_back_through_time-limited_edition_cd-2011.sfv,644,B
00_alestorm_-_back_through_time-limited_edition_cd-2011.m3u,514,B
