Title,Type,Files,Size,IMDB,Spoken Languages,Texted Languages,Tags,Quality (+),Quality (-),Uploaded,By,User Type,Seeders,Leechers,Info Hash,Picture,Capture Date
Hot Lesbo Babes Having 3Sum Sex,506,1,789.49 MiB (827845075 Bytes),,,,"""blonde"",""teen"",""milf"",""3sum"",""group sex"",""xxx""",0,0,2011-11-17T22:16:11Z,chickeneye,,2,1,E49548B66660D92067A0315773553DC143B30CE0,http://image.bayimg.com/dalbdaada.jpg,2012-05-18T08:45:31Z
