Filename,Size,Unit
VTS_06_1.VOB,733.75,M
VTS_05_1.VOB,733.26,M
VTS_01_1.VOB,731.07,M
VTS_04_1.VOB,642.34,M
VTS_03_1.VOB,633.88,M
VTS_02_1.VOB,559.33,M
