Title,Type,Files,Size,IMDB,Spoken Languages,Texted Languages,Tags,Quality (+),Quality (-),Uploaded,By,User Type,Seeders,Leechers,Info Hash,Picture,Capture Date
Twistys 11.10.06 Destiny Dixon No Dixon Around XXX,506,2,598.84 MiB (627925646 Bytes),,,,"""porn"",""xxx"",""ass""",1,0,2011-11-13T17:42:54Z,alexbassir00,,1,2,439EE5E3BFD6D61FBD6B7417D3CC6205B34023EF,,2012-05-19T00:10:49Z
