Title,Type,Files,Size,IMDB,Spoken Languages,Texted Languages,Tags,Quality (+),Quality (-),Uploaded,By,User Type,Seeders,Leechers,Info Hash,Picture,Capture Date
Flash Professional CS5 Flash Catalyst CS5 for Dummies{BBS},601,1,14.39 MiB (15091397 Bytes),,,English,"""Flash Professional"",""CS5 Flash"",""CS5"",""Pdf""",1,0,2011-08-30T16:24:04Z,bigbluesea,[V],11,0,02267D4C58175C7CE61E0556AFC91CA6DD77449B,http://image.bayimg.com/eajcaaadn.jpg,2012-06-13T01:25:01Z
