Title,Type,Files,Size,IMDB,Spoken Languages,Texted Languages,Tags,Quality (+),Quality (-),Uploaded,By,User Type,Seeders,Leechers,Info Hash,Picture,Capture Date
IWantLatina.com - Carmen,501,42,282.43 MiB (296154145 Bytes),,,,"""IWantLatina"",""Carmen"",""pornstarnetwork"",""Anal"",""Cumshot"",""Hardcore"",""Latina"",""SilverStone""",3,18,2011-04-13T01:26:03Z,gnice06,[V],0,1,0B4D2BA5AE3FEC53F6556047F3BA4134F576C7B4,http://image.bayimg.com/pahpmaadi.jpg,2012-06-22T20:21:29Z
