Title,Type,Files,Size,IMDB,Spoken Languages,Texted Languages,Tags,Quality (+),Quality (-),Uploaded,By,User Type,Seeders,Leechers,Info Hash,Picture,Capture Date
"LMFAO Ft. Will.I.Am, Goonrock & Eva Simmons - Best Night.mp3",101,1,9.95 MiB (10436232 Bytes),,,,"""LMFAO"",""Will.I.Am"",""Goonrock"",""Eva Simmons"",""Best Night"",""2011"",""NEW""",0,0,2011-06-18T20:43:49Z,haznii,,9,0,A60A1E195D08E767B202D661FD9992EF53E9E217,,2012-06-18T09:11:53Z
