Filename,Size,Unit
Flashpoint Digital Deluxe 01 (of 05) (2011) (95 Pages + 4 covers) (ZOOM-Empire).cbz,74.31,M
Flashpoint_Digital_Deluxe_03_(of_05)_(2011)_(85_Pages_%2B_4_covers)_(ZOOM-Empire).cbz,67.33,M
Flashpoint Digital Deluxe 05 (of 05) (2011) (88 Pages + 4 covers) (ZOOM-Empire).cbz,64.8,M
Flashpoint_Digital_Deluxe_02_(of_05)_(2011)_(72_Pages_%2B_4_covers)_(ZOOM-Empire).cbz,56.15,M
Flashpoint_Digital_Deluxe_04_(of_05)_(2011)_(70_Pages_+_3_covers)_(ZOOM-Empire).cbz,51.17,M
