Title,Type,Files,Size,IMDB,Spoken Languages,Texted Languages,Tags,Quality (+),Quality (-),Uploaded,By,User Type,Seeders,Leechers,Info Hash,Picture,Capture Date
Iron & Wine-The Shepherd's Dog,101,12,114.04 MiB (119578716 Bytes),,,,,0,0,2011-06-09T14:55:10Z,robunix,[T],6,0,B41C9CE22CD8451436E03C954409BCF8F8AF0E67,,2012-06-18T19:34:34Z
