Title,Type,Files,Size,IMDB,Spoken Languages,Texted Languages,Tags,Quality (+),Quality (-),Uploaded,By,User Type,Seeders,Leechers,Info Hash,Picture,Capture Date
"Christie, Agatha - 02 Trein 1650, NL Ebook(ePub).DMT",601,4,322.97 KiB (330725 Bytes),,,Dutch,"""DMT""",0,0,2011-09-17T20:43:59Z,Falco_bis,,2,0,B151B27A4765652E8EECED42EB54F6C448086BB4,http://image.bayimg.com/laoilaaco.jpg,2012-06-11T23:22:46Z
