Title,Type,Files,Size,IMDB,Spoken Languages,Texted Languages,Tags,Quality (+),Quality (-),Uploaded,By,User Type,Seeders,Leechers,Info Hash,Picture,Capture Date
Minecraft Cracked 1.1.0 [Auto Install] [Updatable] [SMP/SP] [Lig,401,1,5.43 MiB (5691199 Bytes),,,,"""minecraft"",""indie"",""mojang"",""notch"",""bukkit"",""free"",""bread"",""craft"",""crafting"",""sandbox"",""build"",""garysmod"",""terraria"",""1.1"",""pvp"",""pve"",""smp"",""toast"",""plugins"",""cracked"",""1.1.0"",""multi"",""server"",""windows"",""survival"",""creative"",""breadcraft""",1,0,2012-01-22T20:49:01Z,fmetalf,,38,0,2516371CA24C2A4432B854E886AA609AC7F69444,http://image.bayimg.com/damkfaadb.jpg,2012-05-29T03:54:35Z
