Title,Type,Files,Size,IMDB,Spoken Languages,Texted Languages,Tags,Quality (+),Quality (-),Uploaded,By,User Type,Seeders,Leechers,Info Hash,Picture,Capture Date
Sucker.Punch.2011.DVDRip.Xvid-Noir,201,4,699.99 MiB (733991687 Bytes),,,,,0,0,2011-06-17T16:10:01Z,scenebalance,[V],0,0,BEE775C23EE19CF15D762F59A58333DC6370D179,,2012-06-18T10:38:53Z
