User Type,Username,Date,Text
,CAPTAINBEYEO2,2012-02-01T09:42Z,"@Highbandwidth,

not Deserter! 2012 which is an Austrian Bio Drama.
            Check the IMDB"
