Filename,Size,Unit
Sample/ktr.shd.12.01.06.sara.jay.and.daylene.rio.big.juggy.adventure.wmv,16.62,M
ktr.shd.12.01.06.sara.jay.and.daylene.rio.big.juggy.adventure.wmv,697.25,M
ktr.shd.12.01.06.sara.jay.and.daylene.rio.big.juggy.adventure.wmv.jpg,1.1,M
00_32_15.jpg,61.3,K
ktr.shd.12.01.06.sara.jay.and.daylene.rio.big.juggy.adventure.nfo,6.83,K
