Filename,Size,Unit
Fringe.S04E04.HQ.HDTV.AC3.DivX.avi,700.38,M
