User Type,Username,Date,Text
,PvHax,2011-09-08T23:52Z,25 leeches no seeds? Please seed guys I'm doing all the work here.
,tomsfreemovies.co.nr,2011-09-11T18:11Z,"I can't download cause there is no seeders, if someone can seed this for me I will seed it forever. "
