Filename,Size,Unit
IBM OS2 Warp 3 - Red - 8.162 - UK English - Diskettes.zip,32.21,M
