Filename,Size,Unit
Asses of Face Destruction 10 DVDRip XviD cd2.avi,698.46,M
Asses of Face Destruction 10 DVDRip XviD cd1.avi,696.1,M
