Filename,Size,Unit
Vampire Diaries - S03E08.avi,395.15,M
Vampire Diaries - S03E08.srt,33.31,K
