Title,Type,Files,Size,IMDB,Spoken Languages,Texted Languages,Tags,Quality (+),Quality (-),Uploaded,By,User Type,Seeders,Leechers,Info Hash,Picture,Capture Date
The.Naughty.Schoolgirl.5.XXX.DVDRip.XviD-Jiggly,501,2,701.39 MiB (735456426 Bytes),,English,English,,2,0,2011-01-25T15:14:09Z,kelvin09,[T],1,2,3AFCD985C8087CE2E9464D31337A029B896BFC03,,2012-06-28T20:38:25Z
