Filename,Size,Unit
HAMMER HOUSE of HORROR -- Children of the Full Moon.avi,348.23,M
