Title,Type,Files,Size,IMDB,Spoken Languages,Texted Languages,Tags,Quality (+),Quality (-),Uploaded,By,User Type,Seeders,Leechers,Info Hash,Picture,Capture Date
JLS Feat Tinie Tempah-Eyes Wide Shut-x264-2011-GRMV,203,3,43.62 MiB (45740696 Bytes),,,,"""JLS""",0,0,2011-03-13T16:22:19Z,SoftWarez,,8,0,0BEFC67D89404AB0402A54B32EEC911A62834E3F,,2012-06-26T02:07:10Z
