User Type,Username,Date,Text
,Urokais,2011-11-02T08:55Z,"Team your a Gun!
Thanks from the land down Under!"
,bryentheartist,2011-11-13T23:57Z,thnx from america
