Filename,Size,Unit
Strips/Garage Isidoor - 01 - Potten En Pannes.cbr,20.1,M
Strips/Garage Isidoor - 02 - Ik Hoor Iets.cbr,20.63,M
"Strips/Garage Isidoor - 03 - Stilte, We Takelen!.cbr",21.47,M
Strips/Garage Isidoor - 04 - Een Nachtmerrie Op Wielen.cbr,21.86,M
Strips/Garage Isidoor - 05 - Monteur In Fa Majeur.cbr,21.58,M
Strips/Garage Isidoor - 06 - Gentlemanhersteller.cbr,20.83,M
Strips/Garage Isidoor - 07 - De Bende Van De Steeksleutel.cbr,20.46,M
Strips/Garage Isidoor - 08 - Daar Is De Lente!.cbr,20.39,M
Strips/Garage Isidoor - 09 - Pijnlijke Ontsteking.cbr,18.24,M
Strips/Garage Isidoor - 10 - Even Afstellen.cbr,19.64,M
Strips/Garage Isidoor 01-10 (c).nfo,1.4,K
Belangrijk.txt,2.05,K
Gratis een eigen dochterpagina beheren en wat geld verdienen.txt,692,B
linday.jpg,6.28,K
Torrent_downloaded_from_Demonoid.me.txt,46,B
Verzoekjes.txt,500,B
Vind je Partner.txt,1.4,K
www.allesgratis.org.gif,3.36,K
