User Type,Username,Date,Text
,Gnob77,2012-01-21T01:26Z,thx
