Filename,Size,Unit
www.mastitorrents.com.nfo,310,B
Flowers.Squirt.Shower.5.avi,1.37,G
Flowers.Squirt.Shower.6.avi,1.37,G
