Filename,Size,Unit
cupcake.wars.s03e05.hdtv.xvid-crimson.avi,349.18,M
cupcake.wars.s03e05.hdtv.xvid-crimson.nfo,8.58,K
First Read This Guide.txt,513,B
www.Torrentday.com.txt,513,B
