Title,Type,Files,Size,IMDB,Spoken Languages,Texted Languages,Tags,Quality (+),Quality (-),Uploaded,By,User Type,Seeders,Leechers,Info Hash,Picture,Capture Date
Miley Cyrus - Who Owns My Heart (1080p) x264[VX],203,1,36.66 MiB (38444317 Bytes),,,,"""x264"",""1080p"",""mp4"",""HDTV"",""H.264""",0,0,2011-07-09T00:10:54Z,Vitamin_X,[T],4,0,54BE013CFEDA719F6D8960A9553DF39C05A261E4,http://image.bayimg.com/cajjjaada.jpg,2012-06-17T00:05:59Z
