Title,Type,Files,Size,IMDB,Spoken Languages,Texted Languages,Tags,Quality (+),Quality (-),Uploaded,By,User Type,Seeders,Leechers,Info Hash,Picture,Capture Date
Boso.Przez.Swiat.Cejrowski.Meska.Przygoda.DVDRip.XviD-Teterus,201,6,1.56 GiB (1672656632 Bytes),,Polish,Polish,"""Boso Przez Swiat Cejrowski Pod""",0,0,2011-08-12T12:00:43Z,DrOOcik,[T],6,2,DFE857E9883A6D11E8F509D7D7222D54D3CF76F4,http://image.bayimg.com/fajmjaadi.jpg,2012-06-13T22:47:12Z
