Title,Type,Files,Size,IMDB,Spoken Languages,Texted Languages,Tags,Quality (+),Quality (-),Uploaded,By,User Type,Seeders,Leechers,Info Hash,Picture,Capture Date
Requake Music Pack [H] [DUBSTEP],199,11,110.11 MiB (115463533 Bytes),,,,"""requake"",""music"",""pack"",""bundle"",""hardcoreandmore"","".mp3"",""dubstep"",""filthy""",0,0,2011-04-07T09:53:43Z,HardcoreAndMore,,6,0,243E6786722DABA25725874437E1D1F102D0D7AF,,2012-06-24T08:31:32Z
