Title,Type,Files,Size,IMDB,Spoken Languages,Texted Languages,Tags,Quality (+),Quality (-),Uploaded,By,User Type,Seeders,Leechers,Info Hash,Picture,Capture Date
Frozen.Planet.S01E03.720p.HDTV.x264.AAC-SSN.mkv,208,1,1.55 GiB (1660762563 Bytes),http://www.imdb.com/title/tt2092588/,English,,,0,0,2011-11-21T12:13:09Z,somespirit,[T],2,0,01CBC9BDAFE3F80F22C05D458447C695D93D2F6C,,2012-05-18T05:11:06Z
