Filename,Size,Unit
lee.macks.all.star.cast.s01e05.hdtv.xvid-ftp.nfo,3.64,K
lee.macks.all.star.cast.s01e05.hdtv.xvid-ftp.r00,14.31,M
lee.macks.all.star.cast.s01e05.hdtv.xvid-ftp.r01,14.31,M
lee.macks.all.star.cast.s01e05.hdtv.xvid-ftp.r02,14.31,M
lee.macks.all.star.cast.s01e05.hdtv.xvid-ftp.r03,14.31,M
lee.macks.all.star.cast.s01e05.hdtv.xvid-ftp.r04,14.31,M
lee.macks.all.star.cast.s01e05.hdtv.xvid-ftp.r05,14.31,M
lee.macks.all.star.cast.s01e05.hdtv.xvid-ftp.r06,14.31,M
lee.macks.all.star.cast.s01e05.hdtv.xvid-ftp.r07,14.31,M
lee.macks.all.star.cast.s01e05.hdtv.xvid-ftp.r08,14.31,M
lee.macks.all.star.cast.s01e05.hdtv.xvid-ftp.r09,14.31,M
lee.macks.all.star.cast.s01e05.hdtv.xvid-ftp.r10,14.31,M
lee.macks.all.star.cast.s01e05.hdtv.xvid-ftp.r11,14.31,M
lee.macks.all.star.cast.s01e05.hdtv.xvid-ftp.r12,14.31,M
lee.macks.all.star.cast.s01e05.hdtv.xvid-ftp.r13,14.31,M
lee.macks.all.star.cast.s01e05.hdtv.xvid-ftp.r14,14.31,M
lee.macks.all.star.cast.s01e05.hdtv.xvid-ftp.r15,14.31,M
lee.macks.all.star.cast.s01e05.hdtv.xvid-ftp.r16,14.31,M
lee.macks.all.star.cast.s01e05.hdtv.xvid-ftp.r17,14.31,M
lee.macks.all.star.cast.s01e05.hdtv.xvid-ftp.r18,14.31,M
lee.macks.all.star.cast.s01e05.hdtv.xvid-ftp.r19,14.31,M
lee.macks.all.star.cast.s01e05.hdtv.xvid-ftp.r20,14.31,M
lee.macks.all.star.cast.s01e05.hdtv.xvid-ftp.r21,14.31,M
lee.macks.all.star.cast.s01e05.hdtv.xvid-ftp.r22,14.31,M
lee.macks.all.star.cast.s01e05.hdtv.xvid-ftp.r23,5.96,M
lee.macks.all.star.cast.s01e05.hdtv.xvid-ftp.rar,14.31,M
lee.macks.all.star.cast.s01e05.hdtv.xvid-ftp.sfv,1.44,K
Read this before playing this Video .txt,138,B
torrent downloaded from www.scenetime.com.txt,138,B
