Filename,Size,Unit
extract.rar,5.83,M
Torrent downloaded from Demonoid.me.txt,46,B
