Title,Type,Files,Size,IMDB,Spoken Languages,Texted Languages,Tags,Quality (+),Quality (-),Uploaded,By,User Type,Seeders,Leechers,Info Hash,Picture,Capture Date
Hell.on.Wheels.S01E02.720p.HDTV.x264-IMMERSE,208,47,1.98 GiB (2131112812 Bytes),,,,,0,0,2011-11-14T05:27:16Z,sceneline,[V],11,3,210D41066E85913003FE997DB4406BA59996F81E,,2012-05-18T23:29:13Z
