Filename,Size,Unit
xcode314_2809_developerdvd.dmg,993.04,M
