Title,Type,Files,Size,IMDB,Spoken Languages,Texted Languages,Tags,Quality (+),Quality (-),Uploaded,By,User Type,Seeders,Leechers,Info Hash,Picture,Capture Date
Is That a Fish in Your Ear?: Translation and the Meaning of Ever,601,4,3.06 MiB (3209192 Bytes),,,English,,0,0,2011-11-26T14:00:53Z,MANTESH,[V],18,3,58BB9ED1900137783BEDF57B41FF3E709007DC54,,2012-05-17T19:59:24Z
