Title,Type,Files,Size,IMDB,Spoken Languages,Texted Languages,Tags,Quality (+),Quality (-),Uploaded,By,User Type,Seeders,Leechers,Info Hash,Picture,Capture Date
"Ebook - Koch, Herman - De Ideale Schoonzoon - NL - By Pixarr",601,1,325.32 KiB (333125 Bytes),,,Dutch,,1,0,2011-08-26T10:48:33Z,Pixarr,[T],5,0,C505009962A14A3ED625FF048C21957BEF193B02,http://image.bayimg.com/aajmpaadl.jpg,2012-06-13T07:41:51Z
