User Type,Username,Date,Text
,MarjanH,2011-03-26T08:52Z,"Pleez seed, I'm stuck at 70%!"
,miepje2,2011-04-27T19:17Z,bedankt
