Filename,Size,Unit
MidvintermÃ¶rker.epub,510.83,K
