Filename,Size,Unit
"Elektra.(Ipod, Zune, Psp).m4v",352.53,M
