Title,Type,Files,Size,IMDB,Spoken Languages,Texted Languages,Tags,Quality (+),Quality (-),Uploaded,By,User Type,Seeders,Leechers,Info Hash,Picture,Capture Date
Phase7.DVDRip.XviD,201,3,699.93 MiB (733929809 Bytes),,,,,0,0,2011-11-04T15:47:43Z,UltraTorrents,[V],1,1,6C0830DE9B011CEC8FCE0E86C30AF950795491C3,,2012-05-20T00:19:48Z
