BUILD: 7601.17514.101119-1850
7601.17514.101119-1850_x86fre_professional_ru-ru_VL_UPG_OEM_Professional-GRMCPRVCCP_RU_DVD.iso
SIZE: 2,319,673,344 byte
SHA-1: 8CF2F4BD3F6A21B5D3164A6B04A5110EC20D422B
MD5: 40E9470EC36C57F6DBA7BFFCC728D01B
CRC: 91EB22F5