Filename,Size,Unit
Prosperity without growth - Tim Jackson.pdf,1.06,M
