Filename,Size,Unit
Rulers of the Deep - Planet drum (SIN RMX).mp3,19.2,M
Stare - The Paradise.mp3,17.81,M
Foreign Beggars & Noisia - Contact (Trolley Snatcha Remix).mp3,13.3,M
The Bloody Beetroots - WARP (feat  Steve Aoki) (Dirtyphonics R.mp3,13.09,M
N E R D & Daft Punk - Hypnotize You (Nero Remix).mp3,12.7,M
Modestep - Dub King.mp3,12.7,M
Fenech-Soler - Lies (Doctor P Remix).mp3,12.63,M
Lizon - Jazz At Dawn.mp3,12.02,M
Crystal Fighters - Follow (Roksonix Remix).mp3,11.71,M
Cassius - The Sound Of Violence (Tha Trickaz Remix).mp3,11.71,M
M I A  - Internet Connection (Flux Pavilion Remix).mp3,11.7,M
Skream & Example - Shot Yourself In The Foot Again.mp3,11.7,M
Morgan Page - The Longest Road feat  Lissie (Grifta Remix).mp3,11.7,M
RacknRuin - Dazed & Confused (SKisM s Baroque Out Remix).mp3,11.7,M
Kelis - Brave (Gemini Remix).mp3,11.26,M
Modestep - Bite The Hand.mp3,11.26,M
Raiden - Venus Fly Trap.mp3,11.26,M
Gemini - And You.mp3,11.16,M
Loick Essien - Stuttering (Millions Like Us Remix).mp3,10.79,M
Tek-One vs  A1 Bassline - Arrakis  97.mp3,9.87,M
Professor Green - Monster feat  Example (Camo & Krooked Remix).mp3,9.87,M
Dansette Junior - Paranoid (Tom Encore Remix).mp3,9.87,M
Afrojack Ft  Eva Simons - Take Over Control (Adam F Remix).mp3,8.23,M
Chase & Status - Flashing Lights (Feat  Sub Focus & Takura).mp3,7.97,M
TC - Concrete (Feat  Dread MC).mp3,7.97,M
S I N - The Ceremony VIP.mp3,7.97,M
S I N & MC Busta - Break The Circle.mp3,7.97,M
Chase & Status - Blind Faith (Trolley Snatcha Remix).mp3,7.85,M
Statelapse - Waiting.mp3,7.85,M
Mishal Moore - It Ain t Over (Document One Remix).mp3,6.83,M
Bare - Thugs In The Hood (Feat  Messinian).mp3,6.6,M
16bit - FRZR9000.mp3,6.6,M
Outloudz - I Wanna Meet Bob Dylan (Jozels & Influenza Remix).mp3,6.56,M
Bashy vs NAPT - Make My Day (Specimen A Remix).mp3,6.11,M
Laid Blak - Red (Chasing Shadows Remix).mp3,6.03,M
Marco Del Horno - Ho! (FuntCase Remix).mp3,6.03,M
PYRAMID - Cruel ft  Julie Thompson (SKisM Remix).mp3,6.01,M
SKisM - Power.mp3,6.01,M
Zeds Dead ft  Omar Linx - Out For Blood.mp3,6.01,M
Genetix - Hangin .mp3,6.01,M
Phetsta - Run You Down (feat  Reija Lee).mp3,5.99,M
Doctor P - Big Boss.mp3,5.83,M
Gemini - Blue.mp3,5.83,M
SKisM - Elixir.mp3,5.82,M
Dansette Junior - It s Unreal (Zed Bias Remix).mp3,5.82,M
Blame ft  Camilla Marie - Star (Doctor P Remix).mp3,5.82,M
Numbernin6 - Garbage.mp3,5.81,M
Orelipoiss  Valss .mp3,5.79,M
FunkyStepz feat  Lily McKenzie - For U (Dodge & Fuski Remix).mp3,5.66,M
Youngman - Ho (Produced by Benga).mp3,5.66,M
The Prototypes - Breathless (Rollz Remix).mp3,5.65,M
Roksonix & Statelapse - Let s Go.mp3,5.65,M
Hadouken - Oxygen (Gemini Remix).mp3,5.54,M
Kano - Spaceship (Trolley Snatcha Remix).mp3,5.54,M
Funtcase - 50 Caliber.mp3,5.25,M
Anyman - Genesis.mp3,4.78,M
Fenech-Soler - Demons (Sigma Remix).mp3,3.47,M
Skream & Example - Shot Yourself In The Foot Again (Official V.mp3,3.47,M
