Filename,Size,Unit
Batman - Arkham Unhinged 004 (2011) (digital-TheGroup).cbr,10.32,M
