Title,Type,Files,Size,IMDB,Spoken Languages,Texted Languages,Tags,Quality (+),Quality (-),Uploaded,By,User Type,Seeders,Leechers,Info Hash,Picture,Capture Date
Anal Pantyhose - Monica [720p].wmv,506,1,264.79 MiB (277650126 Bytes),,,,"""Anal"",""Russian"",""Hardcore"",""XXX"",""Adult""",1,0,2011-03-14T23:39:48Z,Pornmaze,[V],2,1,FA87214C7955EEF81F642F63118C3668D0466D4F,,2012-06-26T00:30:06Z
