Filename,Size,Unit
Burning.Palms.2010.BDRIP.XVID.SUSPIRO.avi,799.92,M
Burning.Palms.2010.BDRIP.XVID.SUSPIRO.srt,110.27,K
