Title,Type,Files,Size,IMDB,Spoken Languages,Texted Languages,Tags,Quality (+),Quality (-),Uploaded,By,User Type,Seeders,Leechers,Info Hash,Picture,Capture Date
Synesthesia Trance Vol. #23,101,21,357.76 MiB (375134657 Bytes),,,,"""trance"",""house"",""top"",""synesthesia"",""volume 23"",""electronic"",""music"",""compilation"",""collection""",0,0,2011-10-11T22:42:33Z,toptrance,,2,0,015B1542AE8C8006F84E5BC1B452B12D06141E29,http://image.bayimg.com/cakcnaadh.jpg,2012-05-24T17:15:19Z
