Filename,Size,Unit
Primary Pronunciation Box.pdf,14.62,M
Torrent downloaded from Darkbay.org.txt,64,B
Torrent downloaded from Demonoid.me.txt,46,B
