Filename,Size,Unit
Starman Secret Files & Origins (1998).cbr,21.72,M
