Filename,Size,Unit
download from www.scenetime.com.txt,184,B
fever-xvid-tyler.perrys.house.of.payne.718.r00,19.07,M
fever-xvid-tyler.perrys.house.of.payne.718.r01,19.07,M
fever-xvid-tyler.perrys.house.of.payne.718.r02,19.07,M
fever-xvid-tyler.perrys.house.of.payne.718.r03,19.07,M
fever-xvid-tyler.perrys.house.of.payne.718.r04,19.07,M
fever-xvid-tyler.perrys.house.of.payne.718.r05,19.07,M
fever-xvid-tyler.perrys.house.of.payne.718.r06,19.07,M
fever-xvid-tyler.perrys.house.of.payne.718.r07,19.07,M
fever-xvid-tyler.perrys.house.of.payne.718.r08,3.14,M
fever-xvid-tyler.perrys.house.of.payne.718.rar,19.07,M
fever-xvid-tyler.perrys.house.of.payne.718.sfv,570,B
Read This Guide Now.txt,184,B
tyler.perrys.house.of.payne.s07e18.hdtv.xvid-fever.nfo,2.28,K
