Title,Type,Files,Size,IMDB,Spoken Languages,Texted Languages,Tags,Quality (+),Quality (-),Uploaded,By,User Type,Seeders,Leechers,Info Hash,Picture,Capture Date
Blizzcon Pics,603,917,3.01 GiB (3229508360 Bytes),,,,,0,1,2011-12-28T21:49:06Z,B.lowe,,1,0,74958E59B6F801904A71AC45F57160CBAE901C9C,,2012-05-14T10:56:42Z
