Filename,Size,Unit
Blessthefall - Promised Ones.mp3,8.4,M
