Filename,Size,Unit
01 Report to the Floor.m4a,7.24,M
