Title,Type,Files,Size,IMDB,Spoken Languages,Texted Languages,Tags,Quality (+),Quality (-),Uploaded,By,User Type,Seeders,Leechers,Info Hash,Picture,Capture Date
Red Mijn Vakantie S04E06 XviD - ProGemist,205,3,350.07 MiB (367070378 Bytes),,Dutch,Dutch,,0,0,2011-09-26T21:05:46Z,ProGemist,,1,1,A8AF8334373AB55568993421B3CDB22E0F4A3925,http://image.bayimg.com/eajnjaadl.jpg,2012-05-25T14:54:49Z
