Filename,Size,Unit
Mikes Apartment - Charry.mp4,459.12,M
