Title,Type,Files,Size,IMDB,Spoken Languages,Texted Languages,Tags,Quality (+),Quality (-),Uploaded,By,User Type,Seeders,Leechers,Info Hash,Picture,Capture Date
Booty Talk 67,501,14,1.37 GiB (1473413716 Bytes),,,,,0,0,2011-05-19T02:25:17Z,doggfrogg,,10,3,1B214A9EEF1858A9938159FD3DFEE9CD0E0E7603,,2012-06-19T21:26:25Z
