Filename,Size,Unit
Photos/Jodie_Moore1.jpg,40.68,K
Photos/Jodie_Moore2.jpg,39.76,K
Photos/Jodie_Moore3.jpg,46.3,K
Photos/Jodie_Moore4.jpg,28.05,K
Nasty.Nymphos.33_Jodie.Moore.mp4,349.41,M
