Filename,Size,Unit
arsarahmichael.mp4,629.51,M
