Title,Type,Files,Size,IMDB,Spoken Languages,Texted Languages,Tags,Quality (+),Quality (-),Uploaded,By,User Type,Seeders,Leechers,Info Hash,Picture,Capture Date
WebsiteAmateursMay2008,506,7,35.84 MiB (37576419 Bytes),,,,"""Amateur""",0,0,2012-01-04T02:20:48Z,green.rooster,[T],1,1,3402860CFAAF4AD2ECA45F02CA674E2CADAC199A,,2012-05-14T03:37:53Z
