Filename,Size,Unit
11 Save Me.mp3,22.18,M
08 Victim.mp3,13.62,M
14 Not Ready to Die.mp3,12.97,M
01 Nightmare.mp3,12.1,M
05 Natural Born Killer.mp3,10.96,M
04 Buried Alive.mp3,10.96,M
07 God Hates Us.mp3,10.5,M
03 Danger Line.mp3,9.93,M
10 Fiction.mp3,9.68,M
09 Tonight The World Dies.mp3,8.92,M
02 Welcome To The Family.mp3,8.74,M
06 So Far Away.mp3,8.26,M
12 Lost It All.mp3,7.29,M
13 4 AM.mp3,4.76,M
~BitTorrentPartFile_7DDD28B.dat,60.5,K
