Filename,Size,Unit
[Narutoverse]_NARUTO_Shippuden_204.avi,190.15,M
