Title,Type,Files,Size,IMDB,Spoken Languages,Texted Languages,Tags,Quality (+),Quality (-),Uploaded,By,User Type,Seeders,Leechers,Info Hash,Picture,Capture Date
The.Help.2011.Telesync.Xvid-SceneLovers,201,2,907.31 MiB (951384064 Bytes),,,,,0,0,2011-10-10T12:28:59Z,UltraTorrents,[V],2,0,A90CC268D6D6F4E535EB7171C9A70F971D92C45C,,2012-05-24T19:05:51Z
