Filename,Size,Unit
Verbalising.zip,18.34,M
