Filename,Size,Unit
00-entries_uk_top40_single_charts_15_05_2011-mcg - www.0daymusic.org.m3u,538,B
00-uk_top40_single_charts_15_05_2011-mcg - www.0daymusic.org.m3u,1.62,K
00-uk_top40_single_charts_15_05_2011-mcg - www.0daymusic.org.nfo,5.52,K
00-uk_top40_single_charts_15_05_2011-mcg - www.0daymusic.org.sfv,2.01,K
01-bruno_mars_-_the_lazy_song - www.0daymusic.org.mp3,5.53,M
02-lmfao_feat._lauren_bennett_and_goonock_-_party_rock_anthem - www.0daymusic.org.mp3,7.47,M
03-david_guetta_feat._nicki_minaj_and_flo_rida_-_where_them_girls_at - www.0daymusic.org.mp3,5.85,M
04-pitbull_feat._ne-yo_afrojack_and_nayer_-_give_me_everything - www.0daymusic.org.mp3,6.56,M
05-chris_brown_feat._benny_benassi_-_beautiful_people - www.0daymusic.org.mp3,5.81,M
06-lady_gaga_-_the_edge_of_glory - www.0daymusic.org.mp3,7.63,M
07-jennifer_lopez_feat._pitbull_-_on_the_floor - www.0daymusic.org.mp3,6.26,M
08-snoop_dogg_-_sweat_(david_guetta_rmx) - www.0daymusic.org.mp3,5.32,M
09-aloe_blacc_-_i_need_a_dollar - www.0daymusic.org.mp3,5.27,M
10-jessie_j_-_nobodys_perfect - www.0daymusic.org.mp3,7.68,M
11-lady_gaga_-_judas - www.0daymusic.org.mp3,7.52,M
12-katy_perry_feat._kanye_west_-_e.t. - www.0daymusic.org.mp3,6.13,M
13-yasmin_-_finish_line - www.0daymusic.org.mp3,4.85,M
14-adele_-_someone_like_you - www.0daymusic.org.mp3,6.4,M
15-take_that_-_love_love - www.0daymusic.org.mp3,7.67,M
16-wretch_32_feat._example_-_unorthodox - www.0daymusic.org.mp3,5.47,M
17-inna_-_sun_is_up - www.0daymusic.org.mp3,4.62,M
18-alexandra_stan_-_mr._saxobeat - www.0daymusic.org.mp3,7.1,M
19-nero_-_guilt - www.0daymusic.org.mp3,5.76,M
20-birdy_-_skinny_love - www.0daymusic.org.mp3,4.96,M
21-mann_feat._50cent_-_buzzin_remix - www.0daymusic.org.mp3,5.75,M
22-dev_feat._the_cataracs_-_bass_down_low - www.0daymusic.org.mp3,6.82,M
23-tracy_chapman_-_fast_car - www.0daymusic.org.mp3,7.28,M
24-lady_gaga_-_born_this_way - www.0daymusic.org.mp3,7.35,M
25-chase_and_status_feat._delilah_-_time - www.0daymusic.org.mp3,7.23,M
26-blue_-_i_can - www.0daymusic.org.mp3,3.37,M
27-wynter_gordon_-_dirty_talk - www.0daymusic.org.mp3,5.7,M
28-cee_lo_green_feat._wiz_khalifa_-_bright_lights_bigger_city - www.0daymusic.org.mp3,5.33,M
29-the_black_eyed_peas_-_just_cant_get_enough - www.0daymusic.org.mp3,5.95,M
30-good_child_foundation_-_just_cant_get_enough - www.0daymusic.org.mp3,2.37,M
31-jennifer_lopez_feat._lil_wayne_-_im_into_you - www.0daymusic.org.mp3,6.24,M
32-jessie_j_feat._b.o.b._-_price_tag - www.0daymusic.org.mp3,6.44,M
33-adele_-_rolling_in_the_deep - www.0daymusic.org.mp3,5.88,M
34-rihanna_-_s_and_m_(come_on) - www.0daymusic.org.mp3,6.36,M
35-britney_spears_-_till_the_world_ends - www.0daymusic.org.mp3,6.75,M
36-glee_cast_-_i_feel_pretty-unpretty - www.0daymusic.org.mp3,5.61,M
37-beyonce_-_run_the_world_(girls) - www.0daymusic.org.mp3,6.45,M
38-nicole_scherzinger_-_dont_hold_your_breath - www.0daymusic.org.mp3,5.91,M
39-kanye_west_feat._rihanna_and_drake_-_all_of_the_lights - www.0daymusic.org.mp3,8.94,M
40-paul_hardcastle_-_19 - www.0daymusic.org.mp3,5.65,M
