Title,Type,Files,Size,IMDB,Spoken Languages,Texted Languages,Tags,Quality (+),Quality (-),Uploaded,By,User Type,Seeders,Leechers,Info Hash,Picture,Capture Date
Armada Trance 13 - 2011,104,34,1.18 GiB (1265164955 Bytes),,,,"""Trance""",0,0,2011-12-16T08:37:20Z,Mr.Yellow,[V],2,1,50A5F0DA262CD847BCDD405EC38394CAD55AAE26,,2012-05-15T02:12:07Z
