Filename,Size,Unit
Buttman - Indecente 3.avi,700.19,M
