Title,Type,Files,Size,IMDB,Spoken Languages,Texted Languages,Tags,Quality (+),Quality (-),Uploaded,By,User Type,Seeders,Leechers,Info Hash,Picture,Capture Date
Animal kingdom [BRSCR][ESP][Xvid][LimiteXvid.Com],201,1,1.52 GiB (1631064064 Bytes),,Spanish,,,1,1,2011-01-15T12:12:37Z,Morck22,[V],1,0,0DB82D7DFCEABE17809DDF318D4AD7E05210BDD1,,2012-06-29T10:33:19Z
