Filename,Size,Unit
v8394 - Belle De Jour.mp4,291.92,M
