User Type,Username,Date,Text
,kviende,2011-12-17T07:02Z,tackart
ks
