User Type,Username,Date,Text
,xJemini,2011-11-30T19:36Z,My boyfriend thanks you and so do I
 we can trust in you being first!"
