Title,Type,Files,Size,IMDB,Spoken Languages,Texted Languages,Tags,Quality (+),Quality (-),Uploaded,By,User Type,Seeders,Leechers,Info Hash,Picture,Capture Date
Real Wife Stories - Shazia Sahari - Don't Forget The Fresh Rose,501,1,644.63 MiB (675940603 Bytes),,,,"""Shazia.Sahari"",""brazzers"",""Real Wife Stories"",""big dicks"",""brunette"",""facial"",""natural tits"",""doggystyle"",""cowgirl""",0,0,2010-12-27T07:44:13Z,beta2008x,[V],10,4,DF07EDA5F4B134AD7FD698B51D79192C02E58981,,2012-06-30T05:33:01Z
