Filename,Size,Unit
I Don't Know How She Does It 2011 TS RUS XviD.JRG.avi,297.25,M
