Filename,Size,Unit
DISTURBIA.2007.DVDrip.Swesub.XviD.AC3-Mr_KeFF.avi,1.36,G
DISTURBIA.2007.DVDrip.Swesub.XviD.AC3-Mr_KeFF.jpg,17.12,K
www.TankaNer.com.nfo,1.01,K
