Filename,Size,Unit
Greatest Hits Collection [Bonus Tracks]/01 Venus.mp3,8.44,M
Greatest Hits Collection [Bonus Tracks]/02 I Heard a Rumour.mp3,7.89,M
Greatest Hits Collection [Bonus Tracks]/03 Love in the First Degree.mp3,8.04,M
Greatest Hits Collection [Bonus Tracks]/04 I Can't Help It.mp3,8.06,M
Greatest Hits Collection [Bonus Tracks]/05 I Want You Back.mp3,8.7,M
"Greatest Hits Collection [Bonus Tracks]/06 Love, Truth and Honesty.mp3",7.98,M
Greatest Hits Collection [Bonus Tracks]/07 Nathan Jones.mp3,7.69,M
Greatest Hits Collection [Bonus Tracks]/08 He Was Really Sayin' Somethin'.mp3,6.21,M
Greatest Hits Collection [Bonus Tracks]/09 Shy Boy (Don't It Make You Feel Good).mp3,7.45,M
Greatest Hits Collection [Bonus Tracks]/10 Robert de Niro's Waiting.mp3,8.11,M
Greatest Hits Collection [Bonus Tracks]/11 Cruel Summer.mp3,8.05,M
Greatest Hits Collection [Bonus Tracks]/12 It Ain't What You Do (It's the Way That You Do It).mp3,6.46,M
Greatest Hits Collection [Bonus Tracks]/13 Na Na Hey Hey (Kiss Him Goodbye).mp3,7.84,M
Greatest Hits Collection [Bonus Tracks]/14 Rough Justice.mp3,8.36,M
Greatest Hits Collection [Bonus Tracks]/15 Trick of the Night.mp3,9.49,M
Greatest Hits Collection [Bonus Tracks]/16 Aie a Mwana.mp3,8.24,M
Greatest Hits Collection [Bonus Tracks]/17 Venus [12' Hellfire Mix].mp3,21.37,M
Greatest Hits Collection [Bonus Tracks]/18 Love in the First Degree [Eurobeat Style].mp3,16.71,M
