Title,Type,Files,Size,IMDB,Spoken Languages,Texted Languages,Tags,Quality (+),Quality (-),Uploaded,By,User Type,Seeders,Leechers,Info Hash,Picture,Capture Date
Vandhaan Vendraan 2011 1CD TCRip XviD ~ Tamil Movie,299,1,702 MiB (736104117 Bytes),,,,,0,0,2011-09-18T09:35:07Z,brego45,[V],2,0,3B3FC2B16142842E696D7F07AEF3FDDB2C408FB0,,2012-06-11T22:49:15Z
