User Type,Username,Date,Text
,John_Doe1214,2011-09-24T21:04Z,Pretty good upload. Thanks musicfromrizzo. Only 5 songs were missing and 3 extras included ;-)
