Title,Type,Files,Size,IMDB,Spoken Languages,Texted Languages,Tags,Quality (+),Quality (-),Uploaded,By,User Type,Seeders,Leechers,Info Hash,Picture,Capture Date
Nitro PDF Professional 7.0.2.8 (x86) Incl. Crack + Patch,301,5,45.69 MiB (47912751 Bytes),,,,,0,0,2011-12-23T10:13:32Z,adnan1102,[T],37,3,F1AC09B0770A4E6099676A3F0B73629042F4370C,http://image.bayimg.com/calieaadi.jpg,2012-05-14T17:19:33Z
