MICROSOFT.WINDOWS.SERVER.2008.R2.HPC.RTM.WITH.SP1.X64.OEM.ENGLISH.DVD-WZT
BUILD: 7601.17514.101119-1850
FILE: 7601.17514.101119-1850_x64fre_serverhpc_en-us_OEM-GRMSHxFREO_EN_DVD.iso
SIZE: 2,900,875,264 byte
SHA-1: 2B653DEA699AABDC0C1DA4DE2EE0CE28CB4A3485
MD5: 4922F9F730C52D058648453CCA54C407
CRC: 514F2447
NOTE: this is original M$ image.
by W.Z.T
