Filename,Size,Unit
"Sjunde Inseglet, Det (BluRay.SiNNERS) The Seventh Seal.srt",51.27,K
The.Seventh.Seal.1957.720p.BluRay.x264-ESiR.mkv,4.36,G
ÎÎÎÎÎÎ Î£Î¦Î¡ÎÎÎÎÎ.docx,189.73,K
