Filename,Size,Unit
02 Don't Step On My Sneakers (Hellfire Machina Remix).mp3,11.65,M
