Filename,Size,Unit
Downloaded from www.scenetime.com.txt,195,B
my.ride.rules.s01e11.hdtv.readnfo.xvid-crimson.nfo,8.85,K
my.ride.rules.s01e11.hdtv.readnfo.xvid-crimson.part01.rar,14.31,M
my.ride.rules.s01e11.hdtv.readnfo.xvid-crimson.part02.rar,14.31,M
my.ride.rules.s01e11.hdtv.readnfo.xvid-crimson.part03.rar,14.31,M
my.ride.rules.s01e11.hdtv.readnfo.xvid-crimson.part04.rar,14.31,M
my.ride.rules.s01e11.hdtv.readnfo.xvid-crimson.part05.rar,14.31,M
my.ride.rules.s01e11.hdtv.readnfo.xvid-crimson.part06.rar,14.31,M
my.ride.rules.s01e11.hdtv.readnfo.xvid-crimson.part07.rar,14.31,M
my.ride.rules.s01e11.hdtv.readnfo.xvid-crimson.part08.rar,14.31,M
my.ride.rules.s01e11.hdtv.readnfo.xvid-crimson.part09.rar,14.31,M
my.ride.rules.s01e11.hdtv.readnfo.xvid-crimson.part10.rar,14.31,M
my.ride.rules.s01e11.hdtv.readnfo.xvid-crimson.part11.rar,14.31,M
my.ride.rules.s01e11.hdtv.readnfo.xvid-crimson.part12.rar,14.31,M
my.ride.rules.s01e11.hdtv.readnfo.xvid-crimson.part13.rar,2.65,M
my.ride.rules.s01e11.hdtv.readnfo.xvid-crimson.sfv,884,B
Read This Guide First.txt,195,B
Sample/sample-my.ride.rules.s01e11.hdtv.readnfo.xvid-crimson.avi,7.27,M
