Filename,Size,Unit
a_f_d_o_del04.avi,350.12,M
a_f_d_o_del05.avi,349.9,M
a_f_d_o_del02.avi,349.87,M
a_f_d_o_del09.avi,349.86,M
a_f_d_o_del07.avi,349.82,M
a_f_d_o_del08.avi,349.81,M
a_f_d_o_del01.avi,349.8,M
a_f_d_o_del06.avi,349.79,M
a_f_d_o_del03.avi,349.57,M
