Filename,Size,Unit
Los Caraduras 1x05 HDTV DVB Spanish - Divxatope.com.avi,337.06,M
