Title,Type,Files,Size,IMDB,Spoken Languages,Texted Languages,Tags,Quality (+),Quality (-),Uploaded,By,User Type,Seeders,Leechers,Info Hash,Picture,Capture Date
Members-Lounge - Vikki And Anjali [Indian Porn].wmv,501,1,507.57 MiB (532222365 Bytes),,,,"""Indian"",""Anal"",""Amateurs"",""All Sex"",""XXX"",""Adult""",1,0,2011-02-22T17:29:50Z,1.No.1,[V],4,13,EAEA7A2320DF2FF41E5494DCB2952B857A379A21,,2012-06-27T10:09:24Z
