Filename,Size,Unit
love.and.hiphop.s01e05.repack.pdtv.xvid-crimson.nfo,8.47,K
love.and.hiphop.s01e05.repack.pdtv.xvid-crimson.r00,14.31,M
love.and.hiphop.s01e05.repack.pdtv.xvid-crimson.r01,14.31,M
love.and.hiphop.s01e05.repack.pdtv.xvid-crimson.r02,14.31,M
love.and.hiphop.s01e05.repack.pdtv.xvid-crimson.r03,14.31,M
love.and.hiphop.s01e05.repack.pdtv.xvid-crimson.r04,14.31,M
love.and.hiphop.s01e05.repack.pdtv.xvid-crimson.r05,14.31,M
love.and.hiphop.s01e05.repack.pdtv.xvid-crimson.r06,14.31,M
love.and.hiphop.s01e05.repack.pdtv.xvid-crimson.r07,14.31,M
love.and.hiphop.s01e05.repack.pdtv.xvid-crimson.r08,14.31,M
love.and.hiphop.s01e05.repack.pdtv.xvid-crimson.r09,14.31,M
love.and.hiphop.s01e05.repack.pdtv.xvid-crimson.r10,14.31,M
love.and.hiphop.s01e05.repack.pdtv.xvid-crimson.r11,2.98,M
love.and.hiphop.s01e05.repack.pdtv.xvid-crimson.rar,14.31,M
love.and.hiphop.s01e05.repack.pdtv.xvid-crimson.sfv,806,B
