Title,Type,Files,Size,IMDB,Spoken Languages,Texted Languages,Tags,Quality (+),Quality (-),Uploaded,By,User Type,Seeders,Leechers,Info Hash,Picture,Capture Date
In.The.VIP.4.[English].XXX.DVDRiP.XviD,501,1,696.64 MiB (730480640 Bytes),,,,"""xxx"",""teen"",""porn"",""nude"",""babe"",""boob""",0,1,2011-01-15T16:57:11Z,hero0000,[T],2,2,7869B845858A49B45AB09C194BB69B6F9E3F072E,,2012-06-29T10:20:15Z
