Title,Type,Files,Size,IMDB,Spoken Languages,Texted Languages,Tags,Quality (+),Quality (-),Uploaded,By,User Type,Seeders,Leechers,Info Hash,Picture,Capture Date
Yellowstone.Land.to.Life.HDTV.XviD-QCF,205,17,236.63 MiB (248125429 Bytes),,,,,0,0,2011-01-05T23:43:13Z,scenebalance,[V],0,0,FC68C3764BA00C2601224C77ED9130404F4929F5,,2012-06-29T19:53:00Z
