Title,Type,Files,Size,IMDB,Spoken Languages,Texted Languages,Tags,Quality (+),Quality (-),Uploaded,By,User Type,Seeders,Leechers,Info Hash,Picture,Capture Date
My Sister's Hot Friend - April O'Neil.mp4,506,1,250.59 MiB (262761803 Bytes),,,,"""Sister\\\'s"",""xXx"",""Hot"",""Friend"",""April"",""O\\\'Neil""",0,0,2011-01-30T15:02:56Z,SplashPt,[V],1,2,6BA8F155AA2226A044B7450C9B32CE49F391A888,,2012-06-28T15:05:18Z
