Filename,Size,Unit
Negocio.Fechado.BDRip.XviD.Dual.Audio-3LT0N.avi,702.4,M
Negocio.Fechado.BDRip.XviD.Dual.Audio-3LT0N.srt,104.92,K
