User Type,Username,Date,Text
,RapedBanana,2011-08-25T22:35Z,SEED!
