Title,Type,Files,Size,IMDB,Spoken Languages,Texted Languages,Tags,Quality (+),Quality (-),Uploaded,By,User Type,Seeders,Leechers,Info Hash,Picture,Capture Date
[MyTeenVideo.com] Sasha Rose (Anal),506,1,798.19 MiB (836959302 Bytes),,,,,1,0,2011-11-02T12:34:22Z,chkm8te,[V],3,1,20DB88330634F8008A8E4733D2C8828AB1E1CE0D,,2012-05-20T08:35:39Z
