Title,Type,Files,Size,IMDB,Spoken Languages,Texted Languages,Tags,Quality (+),Quality (-),Uploaded,By,User Type,Seeders,Leechers,Info Hash,Picture,Capture Date
The.Middle.S02E21.HDTV.XviD-ASAP,205,17,176.01 MiB (184556035 Bytes),,,,,0,1,2011-05-05T02:33:13Z,sceneline,[V],0,1,55554194987EDE0374BB4823E6AA708C1FECE47A,,2012-06-21T16:55:50Z
