Filename,Size,Unit
Cross.2011.DVDRip.XviD-ViP3R.avi,700.24,M
Read this before playing this Movie .txt,138,B
ST.txt,52,B
torrent downloaded from www.scenetime.com.txt,138,B
