Filename,Size,Unit
openps3ftp-v2.1.1.zip,319.69,K
openps3ftp-v2.2.zip,185.07,K
OpenPS3FTP v2.2.pdf,53.23,K
