Filename,Size,Unit
Mary Carey 10 077.jpg,104.04,K
Mary Carey 2 006.jpg,101.91,K
Mary Carey 10 076.jpg,101.75,K
Mary Carey 10 079.jpg,99.81,K
Mary Carey 10 084.jpg,94.08,K
Mary Carey 10 088.jpg,93.22,K
Mary Carey 2 019.jpg,91.58,K
Mary Carey 2 002.jpg,90.88,K
Mary Carey 10 051.jpg,89.18,K
Mary Carey 10 013.jpg,88.79,K
Mary Carey 10 003.jpg,88.06,K
Mary Carey 10 012.jpg,87.46,K
Mary Carey 10 011.jpg,86.52,K
Mary Carey 10 004.jpg,85.64,K
Mary Carey 9 003.jpg,85.41,K
Mary Carey 10 014.jpg,85.31,K
Mary Carey 10 005.jpg,84.89,K
Mary Carey 10 047.jpg,84.88,K
Mary Carey 10 085.jpg,84.82,K
Mary Carey 10 090.jpg,84.31,K
Mary Carey 10 006.jpg,83.88,K
Mary Carey 9 002.jpg,83.78,K
Mary Carey 10 048.jpg,83.47,K
Mary Carey 10 008.jpg,83.28,K
Mary Carey 10 019.jpg,81.88,K
Mary Carey 10 059.jpg,81.71,K
Mary Carey 10 010.jpg,81.38,K
Mary Carey 10 055.jpg,80.9,K
Mary Carey 10 089.jpg,80.44,K
Mary Carey 10 041.jpg,80.36,K
Mary Carey 10 057.jpg,80.21,K
Mary Carey 9 001.jpg,79.92,K
Mary Carey 2 007.jpg,79.46,K
Mary Carey 2 008.jpg,77.7,K
Mary Carey 10 035.jpg,77.59,K
Mary Carey 10 031.jpg,77.4,K
Mary Carey 10 036.jpg,77.21,K
Mary Carey 10 038.jpg,76.77,K
Mary Carey 10 032.jpg,76.77,K
Mary Carey 10 044.jpg,75.73,K
Mary Carey 10 080.jpg,75.35,K
Mary Carey 10 043.jpg,75.12,K
Mary Carey 10 040.jpg,74.98,K
Mary Carey 10 086.jpg,74.87,K
Mary Carey 10 034.jpg,74.86,K
Mary Carey 10 039.jpg,73.93,K
Mary Carey 10 083.jpg,73.02,K
Mary Carey 10 082.jpg,72.93,K
Mary Carey 10 037.jpg,72.89,K
Mary Carey 7 006.jpg,72.3,K
Mary Carey 10 030.jpg,72.19,K
Mary Carey 2 005.jpg,71.89,K
Mary Carey 10 049.jpg,70.81,K
Mary Carey 10 042.jpg,70.81,K
Mary Carey 9 010.jpg,69.25,K
Mary Carey 2 017.jpg,69.25,K
Mary Carey 7 007.jpg,68.95,K
Mary Carey 8 011.jpg,68.72,K
Mary Carey 9 011.jpg,67.77,K
Mary Carey 10 081.jpg,67.25,K
Mary Carey 6 003.jpg,67.11,K
Mary Carey 7 004.jpg,66.83,K
Mary Carey 7 005.jpg,66.72,K
Mary Carey 10 087.jpg,66.47,K
Mary Carey 6 007.jpg,66.37,K
Mary Carey 10 027.jpg,66.19,K
Mary Carey 10 025.jpg,66.14,K
Mary Carey 8 002.jpg,66.08,K
Mary Carey 7 009.jpg,65.75,K
Mary Carey 2 018.jpg,65.56,K
Mary Carey 6 010.jpg,65.46,K
Mary Carey 6 012.jpg,65.45,K
Mary Carey 6 002.jpg,65.35,K
Mary Carey 6 009.jpg,65.2,K
Mary Carey 2 015.jpg,64.75,K
Mary Carey 10 021.jpg,64.64,K
Mary Carey 10 028.jpg,64.25,K
Mary Carey 10 078.jpg,64.16,K
Mary Carey 10 029.jpg,64.15,K
Mary Carey 6 011.jpg,63.95,K
Mary Carey 2 004.jpg,63.94,K
Mary Carey 8 001.jpg,63.84,K
Mary Carey 7 002.jpg,63.67,K
Mary Carey 10 033.jpg,63.54,K
Mary Carey 8 003.jpg,63.5,K
Mary Carey 7 014.jpg,63.41,K
Mary Carey 9 005.jpg,63.34,K
Mary Carey 10 052.jpg,63.12,K
Mary Carey 10 050.jpg,62.98,K
Mary Carey 7 015.jpg,62.78,K
Mary Carey 6 006.jpg,62.64,K
Mary Carey 6 005.jpg,62.36,K
Mary Carey 2 016.jpg,62.29,K
Mary Carey 10 046.jpg,61.5,K
Mary Carey 10 007.jpg,61.14,K
Mary Carey 7 001.jpg,60.85,K
Mary Carey 7 008.jpg,60.69,K
Mary Carey 10 020.jpg,60.63,K
Mary Carey 10 001.jpg,60.47,K
Mary Carey 10 016.jpg,60.39,K
Mary Carey 8 006.jpg,60.3,K
Mary Carey 8 007.jpg,60.2,K
Mary Carey 7 011.jpg,60.17,K
Mary Carey 10 045.jpg,59.76,K
Mary Carey 9 007.jpg,59.68,K
Mary Carey 6 008.jpg,59.61,K
Mary Carey 10 022.jpg,59.56,K
Mary Carey 9 015.jpg,59.51,K
Mary Carey 10 056.jpg,59.15,K
Mary Carey 8 009.jpg,58.95,K
Mary Carey 5 020.jpg,58.62,K
Mary Carey 10 017.jpg,58.56,K
Mary Carey 2 010.jpg,58.35,K
Mary Carey 7 003.jpg,58.22,K
Mary Carey 10 024.jpg,58.17,K
Mary Carey 10 018.jpg,58.04,K
Mary Carey 10 058.jpg,57.51,K
Mary Carey 9 006.jpg,57.51,K
Mary Carey 6 004.jpg,57.48,K
Mary Carey 5 014.jpg,57.43,K
Mary Carey 6 013.jpg,57.31,K
Mary Carey 10 002.jpg,57.25,K
Mary Carey 9 014.jpg,57.21,K
Mary Carey 5 017.jpg,56.94,K
Mary Carey 5 008.jpg,56.93,K
Mary Carey 2 014.jpg,56.83,K
Mary Carey 10 026.jpg,56.77,K
Mary Carey 10 060.jpg,56.57,K
Mary Carey 5 015.jpg,56.52,K
Mary Carey 2 009.jpg,56.24,K
Mary Carey 9 013.jpg,56.16,K
Mary Carey 8 010.jpg,56.1,K
Mary Carey 8 004.jpg,56.07,K
Mary Carey 5 019.jpg,55.83,K
Mary Carey 6 001.jpg,55.76,K
Mary Carey 3 011.jpg,55.54,K
Mary Carey 9 008.jpg,55.4,K
Mary Carey 3 007.jpg,55.09,K
Mary Carey 2 001.jpg,55.08,K
Mary Carey 3 002.jpg,54.76,K
Mary Carey 2 011.jpg,54.47,K
Mary Carey 6 014.jpg,54.46,K
Mary Carey 3 005.jpg,54.42,K
Mary Carey 2 012.jpg,54.07,K
Mary Carey 7 012.jpg,54.05,K
Mary Carey 3 001.jpg,53.69,K
Mary Carey 8 013.jpg,53.61,K
Mary Carey 9 012.jpg,53.53,K
Mary Carey 3 012.jpg,53.49,K
Mary Carey 8 012.jpg,53.41,K
Mary Carey 10 023.jpg,53.4,K
Mary Carey 10 053.jpg,53.36,K
Mary Carey 10 054.jpg,53.1,K
Mary Carey 2 013.jpg,52.75,K
Mary Carey 7 013.jpg,52.73,K
Mary Carey 1 001.jpg,52.69,K
Mary Carey 3 006.jpg,52.41,K
Mary Carey 5 011.jpg,52.4,K
Mary Carey 8 005.jpg,52.37,K
Mary Carey 10 015.jpg,52.18,K
Mary Carey 3 004.jpg,52.07,K
Mary Carey 3 008.jpg,51.98,K
Mary Carey 5 005.jpg,51.87,K
Mary Carey 5 007.jpg,51.69,K
Mary Carey 6 015.jpg,51.65,K
Mary Carey 5 013.jpg,51.42,K
Mary Carey 10 009.jpg,51.23,K
Mary Carey 5 010.jpg,50.7,K
Mary Carey 3 003.jpg,50.11,K
Mary Carey 8 008.jpg,49.83,K
Mary Carey 3 013.jpg,49.67,K
Mary Carey 1 005.jpg,49.42,K
Mary Carey 5 018.jpg,49.18,K
Mary Carey 5 004.jpg,48.83,K
Mary Carey 5 016.jpg,48.65,K
Mary Carey 10 068.jpg,47.55,K
Mary Carey 10 074.jpg,47.22,K
Mary Carey 3 010.jpg,47.21,K
Mary Carey 7 010.jpg,47.1,K
Mary Carey 9 004.jpg,46.95,K
Mary Carey 5 003.jpg,46.24,K
Mary Carey 3 015.jpg,45.95,K
Mary Carey 5 012.jpg,45.3,K
Mary Carey 8 015.jpg,44.98,K
Mary Carey 1 007.jpg,42.12,K
Mary Carey 3 009.jpg,42.09,K
Mary Carey 1 004.jpg,42,K
Mary Carey 8 014.jpg,41.44,K
Mary Carey 5 001.jpg,41.23,K
Mary Carey 5 002.jpg,40.42,K
Mary Carey 1 002.jpg,39.69,K
Mary Carey 3 014.jpg,39.44,K
Mary Carey 1 006.jpg,39.27,K
Mary Carey 2 003.jpg,37.98,K
Mary Carey 1 012.jpg,37.91,K
Mary Carey 1 015.jpg,37.89,K
Mary Carey 10 063.jpg,37.74,K
Mary Carey 1 013.jpg,37.69,K
Mary Carey 10 070.jpg,37.68,K
Mary Carey 10 067.jpg,37.48,K
Mary Carey 10 071.jpg,36.47,K
Mary Carey 1 009.jpg,36.41,K
Mary Carey 4 002.jpg,36.29,K
Mary Carey 10 073.jpg,36.26,K
Mary Carey 4 001.jpg,35.84,K
Mary Carey 10 062.jpg,35.19,K
Mary Carey 10 066.jpg,35.03,K
Mary Carey 1 003.jpg,34.83,K
Mary Carey 10 061.jpg,34.75,K
Mary Carey 10 064.jpg,34.14,K
Mary Carey 2 020.jpg,33.9,K
Mary Carey 1 011.jpg,33.76,K
Mary Carey 5 006.jpg,32.75,K
Mary Carey 10 069.jpg,32.21,K
Mary Carey 10 072.jpg,31.97,K
Mary Carey 10 065.jpg,31.6,K
Mary Carey 1 010.jpg,31.13,K
Mary Carey 4 003.jpg,30.58,K
Mary Carey 1 014.jpg,30.22,K
Mary Carey 10 075.jpg,30.02,K
Mary Carey 4 007.jpg,29.36,K
Mary Carey 4 006.jpg,28.83,K
Mary Carey 4 004.jpg,28.79,K
Mary Carey 9 009.jpg,27.83,K
Mary Carey 4 005.jpg,27.21,K
Mary Carey 5 009.jpg,27.19,K
Mary Carey 1 008.jpg,27,K
Mary Carey 4 010.jpg,23.67,K
Mary Carey 4 008.jpg,23.13,K
Mary Carey 4 009.jpg,21.15,K
