Filename,Size,Unit
Copter The Flash Game.exe,411.76,K
