Filename,Size,Unit
Artisteer 3.0 and keygen.rar,92.29,M
