Filename,Size,Unit
alcatraz.103.hdtv-lol.avi,349.57,M
