Title,Type,Files,Size,IMDB,Spoken Languages,Texted Languages,Tags,Quality (+),Quality (-),Uploaded,By,User Type,Seeders,Leechers,Info Hash,Picture,Capture Date
Zookeeper,201,12,682.38 MiB (715526889 Bytes),,English,,"""Zookeeper""",6,1,2011-07-14T20:29:00Z,MrJumper,,3,2,789CFD7A388CE70C4BD11E327CA202FEFE3545D5,,2012-06-15T20:00:36Z
