User Type,Username,Date,Text
,Sergios119,2011-07-26T23:41Z,"er no seeds, i cant even download this at all...."
