Filename,Size,Unit
Annie.1982.SWESUB.DVDRip.XviD-andreaspetersson.avi,799.26,M
www.TankaNer.com.nfo,62,B
