Filename,Size,Unit
Famished.2009.SWESUB.DVDRip.XviD-Martin.avi,699.8,M
Famished.2009.SWESUB.DVDRip.XviD-Martin.nfo,2.33,K
