Title,Type,Files,Size,IMDB,Spoken Languages,Texted Languages,Tags,Quality (+),Quality (-),Uploaded,By,User Type,Seeders,Leechers,Info Hash,Picture,Capture Date
sexy hot young teen couple sextape.demon.mastitorrents,506,2,29.68 MiB (31117745 Bytes),,English,English,,0,0,2011-02-09T17:21:05Z,tdkdemon,[T],0,1,0ABB3621F0CF2B6A4766E9D4CB9778CF58BBC8DA,,2012-06-28T03:34:59Z
