Filename,Size,Unit
Memphis.Monroe.wmv,309.88,M
goldenpirates.wmv,911.68,K
flexiblepositions.com.Memphis.Monroe.XXX.[SiteRip][GoldenPirates].jpg,168.13,K
