Filename,Size,Unit
VN_100516_Fountain.wmv,288.33,M
