Filename,Size,Unit
Lacuna Coil-Trip The Darkness.m2ts,49.37,M
