Filename,Size,Unit
J'aime les grosses lgumes (1977) ~ Hot Classic ~ [RRG]{Brego}.wmv,982.39,M
