Filename,Size,Unit
Ripped in the ass! - Lenka.avi,186.84,M
