Filename,Size,Unit
Analyzing Politics 5th ed.pdf,2.75,M
