Title,Type,Files,Size,IMDB,Spoken Languages,Texted Languages,Tags,Quality (+),Quality (-),Uploaded,By,User Type,Seeders,Leechers,Info Hash,Picture,Capture Date
The.Great.British.Weather.S01E04.HDTV.XviD-FTP,205,5,564.47 MiB (591893308 Bytes),,,,,0,0,2011-08-06T09:19:25Z,TvTeam,[V],0,0,A7D92950EC05518695DD7EF89EEECA5C22ABA1F6,,2012-06-14T08:29:45Z
