Filename,Size,Unit
023_Rediska.avi,189.08,M
