Filename,Size,Unit
hottest_031.jpg,785.28,K
hottest_049.jpg,765.17,K
hottest_029.jpg,751.25,K
hottest_019.jpg,743.36,K
hottest_018.jpg,742.75,K
hottest_026.jpg,738.23,K
hottest_028.jpg,732.95,K
hottest_062.jpg,732.7,K
hottest_017.jpg,716.48,K
hottest_023.jpg,703.1,K
hottest_014.jpg,685.26,K
hottest_024.jpg,682.19,K
hottest_012.jpg,671.34,K
hottest_016.jpg,664.98,K
hottest_033.jpg,664.2,K
hottest_009.jpg,659.61,K
hottest_057.jpg,657.76,K
hottest_032.jpg,657.08,K
hottest_051.jpg,655.1,K
hottest_067.jpg,651.06,K
hottest_060.jpg,649.79,K
hottest_010.jpg,648.37,K
hottest_011.jpg,647.73,K
hottest_036.jpg,643.41,K
hottest_004.jpg,642.89,K
hottest_047.jpg,632.97,K
hottest_064.jpg,629.28,K
hottest_052.jpg,627.68,K
hottest_043.jpg,625.69,K
hottest_002.jpg,617.65,K
hottest_045.jpg,617.4,K
hottest_001.jpg,611.28,K
hottest_003.jpg,611.01,K
hottest_068.jpg,602.42,K
hottest_037.jpg,599.53,K
hottest_005.jpg,596.86,K
hottest_054.jpg,595.52,K
hottest_027.jpg,593.1,K
hottest_044.jpg,585.21,K
hottest_053.jpg,577.46,K
hottest_058.jpg,572.61,K
hottest_063.jpg,561.76,K
hottest_039.jpg,558.73,K
hottest_042.jpg,558.14,K
hottest_050.jpg,541.64,K
hottest_015.jpg,531.86,K
hottest_040.jpg,525.48,K
hottest_069.jpg,523.24,K
hottest_056.jpg,517.17,K
hottest_071.jpg,516.32,K
hottest_048.jpg,515.34,K
hottest_055.jpg,511.36,K
hottest_021.jpg,511.25,K
hottest_034.jpg,509.99,K
hottest_035.jpg,507.8,K
hottest_070.jpg,503.78,K
hottest_046.jpg,503.08,K
hottest_041.jpg,502.49,K
hottest_006.jpg,500.04,K
hottest_007.jpg,497.67,K
hottest_008.jpg,497.24,K
hottest_038.jpg,495,K
hottest_013.jpg,492.61,K
hottest_059.jpg,489.56,K
hottest_020.jpg,485.9,K
hottest_025.jpg,482.11,K
hottest_065.jpg,473.56,K
hottest_022.jpg,442.92,K
hottest_061.jpg,431.62,K
hottest_030.jpg,417.54,K
hottest_066.jpg,404.41,K
