Filename,Size,Unit
v100763-299.wmv,830.42,M
