Title,Type,Files,Size,IMDB,Spoken Languages,Texted Languages,Tags,Quality (+),Quality (-),Uploaded,By,User Type,Seeders,Leechers,Info Hash,Picture,Capture Date
Oreilly Factor 2011-10-24.avi,205,1,321.2 MiB (336799658 Bytes),,English,,"""Oreilly Factor Fox News""",0,0,2011-10-27T15:09:28Z,saxman7,,1,0,7147D8860388972E281E3D5764FF7C32C222AD47,,2012-05-21T23:21:45Z
