Filename,Size,Unit
Jackie Daniels  Dont Cum Inside Me.wmv,319.3,M
