Title,Type,Files,Size,IMDB,Spoken Languages,Texted Languages,Tags,Quality (+),Quality (-),Uploaded,By,User Type,Seeders,Leechers,Info Hash,Picture,Capture Date
Beautiful People (Gay Interest) - 2x6 - How I Got My Gash.avi,205,1,350.3 MiB (367312896 Bytes),,English,,"""Gay Interest""",0,0,2011-03-13T16:28:37Z,oxonian,,5,1,89E3D24F9473B462C1909B3130807B7F57873A0C,,2012-06-26T02:06:28Z
