Filename,Size,Unit
PW_ST_jules.and.rick.t1.wmv,626.33,M
PW_ST_jules.and.rick.t2.wmv,918.12,M
PW_ST_jules.and.rick.t3.wmv,313.09,M
