Filename,Size,Unit
Cross (2011) .jpg,24.96,K
Cross (2011) NTSC DVD5( multi subs) NLT-Release/VIDEO_TS/VIDEO_TS.BUP,30,K
Cross (2011) NTSC DVD5( multi subs) NLT-Release/VIDEO_TS/VIDEO_TS.IFO,30,K
Cross (2011) NTSC DVD5( multi subs) NLT-Release/VIDEO_TS/VTS_01_0.BUP,114,K
Cross (2011) NTSC DVD5( multi subs) NLT-Release/VIDEO_TS/VTS_01_0.IFO,114,K
Cross (2011) NTSC DVD5( multi subs) NLT-Release/VIDEO_TS/VTS_01_0.VOB,2.61,M
Cross (2011) NTSC DVD5( multi subs) NLT-Release/VIDEO_TS/VTS_01_1.VOB,1024,M
Cross (2011) NTSC DVD5( multi subs) NLT-Release/VIDEO_TS/VTS_01_2.VOB,1024,M
Cross (2011) NTSC DVD5( multi subs) NLT-Release/VIDEO_TS/VTS_01_3.VOB,1024,M
Cross (2011) NTSC DVD5( multi subs) NLT-Release/VIDEO_TS/VTS_01_4.VOB,763.95,M
Cross (2011) NTSC DVD5( multi subs) NLT-Release/VIDEO_TS/VTS_02_0.BUP,16,K
Cross (2011) NTSC DVD5( multi subs) NLT-Release/VIDEO_TS/VTS_02_0.IFO,16,K
Cross (2011) NTSC DVD5( multi subs) NLT-Release/VIDEO_TS/VTS_02_1.VOB,9.42,M
Cross (2011) NTSC DVD5( multi subs) NLT-Release/VIDEO_TS/VTS_03_0.BUP,24,K
Cross (2011) NTSC DVD5( multi subs) NLT-Release/VIDEO_TS/VTS_03_0.IFO,24,K
Cross (2011) NTSC DVD5( multi subs) NLT-Release/VIDEO_TS/VTS_03_1.VOB,157.24,M
Cross (2011) NTSC DVD5( multi subs) NLT-Release/VIDEO_TS/VTS_04_0.BUP,16,K
Cross (2011) NTSC DVD5( multi subs) NLT-Release/VIDEO_TS/VTS_04_0.IFO,16,K
Cross (2011) NTSC DVD5( multi subs) NLT-Release/VIDEO_TS/VTS_04_1.VOB,14.9,M
Cross (2011) NTSC DVD5( multi subs) NLT-Release/VIDEO_TS/VTS_05_0.BUP,16,K
Cross (2011) NTSC DVD5( multi subs) NLT-Release/VIDEO_TS/VTS_05_0.IFO,16,K
Cross (2011) NTSC DVD5( multi subs) NLT-Release/VIDEO_TS/VTS_05_1.VOB,31.41,M
Cross (2011) NTSC DVD5( multi subs) NLT-Release/VIDEO_TS/VTS_06_0.BUP,16,K
Cross (2011) NTSC DVD5( multi subs) NLT-Release/VIDEO_TS/VTS_06_0.IFO,16,K
Cross (2011) NTSC DVD5( multi subs) NLT-Release/VIDEO_TS/VTS_06_1.VOB,38.06,M
Cross (2011) NTSC DVD5( multi subs) NLT-Release/VIDEO_TS/VTS_07_0.BUP,16,K
Cross (2011) NTSC DVD5( multi subs) NLT-Release/VIDEO_TS/VTS_07_0.IFO,16,K
Cross (2011) NTSC DVD5( multi subs) NLT-Release/VIDEO_TS/VTS_07_1.VOB,40.16,M
Cross (2011) NTSC DVD5( multi subs) NLT-Release/VIDEO_TS/VTS_08_0.BUP,16,K
Cross (2011) NTSC DVD5( multi subs) NLT-Release/VIDEO_TS/VTS_08_0.IFO,16,K
Cross (2011) NTSC DVD5( multi subs) NLT-Release/VIDEO_TS/VTS_08_1.VOB,36.86,M
Cross (2011) NTSC DVD5( multi subs) NLT-Release/VIDEO_TS/VTS_09_0.BUP,16,K
Cross (2011) NTSC DVD5( multi subs) NLT-Release/VIDEO_TS/VTS_09_0.IFO,16,K
Cross (2011) NTSC DVD5( multi subs) NLT-Release/VIDEO_TS/VTS_09_1.VOB,45.14,M
Cross (2011) NTSC DVD5( multi subs) NLT-Release/VIDEO_TS/VTS_10_0.BUP,16,K
Cross (2011) NTSC DVD5( multi subs) NLT-Release/VIDEO_TS/VTS_10_0.IFO,16,K
Cross (2011) NTSC DVD5( multi subs) NLT-Release/VIDEO_TS/VTS_10_1.VOB,48.56,M
Cross (2011) NTSC DVD5( multi subs) NLT-Release/VIDEO_TS/VTS_11_0.BUP,16,K
Cross (2011) NTSC DVD5( multi subs) NLT-Release/VIDEO_TS/VTS_11_0.IFO,16,K
Cross (2011) NTSC DVD5( multi subs) NLT-Release/VIDEO_TS/VTS_11_1.VOB,4.85,M
Cross (2011) NTSC DVD5( multi subs) NLT-Release/VIDEO_TS/VTS_12_0.BUP,16,K
Cross (2011) NTSC DVD5( multi subs) NLT-Release/VIDEO_TS/VTS_12_0.IFO,16,K
Cross (2011) NTSC DVD5( multi subs) NLT-Release/VIDEO_TS/VTS_12_1.VOB,2.18,M
Cross (2011) NTSC DVD5( multi subs) NLT-Release/VIDEO_TS/VTS_13_0.BUP,16,K
Cross (2011) NTSC DVD5( multi subs) NLT-Release/VIDEO_TS/VTS_13_0.IFO,16,K
Cross (2011) NTSC DVD5( multi subs) NLT-Release/VIDEO_TS/VTS_13_1.VOB,4.31,M
Cross (2011) NTSC DVD5( multi subs) NLT-Release/VIDEO_TS/VTS_14_0.BUP,16,K
Cross (2011) NTSC DVD5( multi subs) NLT-Release/VIDEO_TS/VTS_14_0.IFO,16,K
Cross (2011) NTSC DVD5( multi subs) NLT-Release/VIDEO_TS/VTS_14_1.VOB,5.95,M
Cross (2011) NTSC DVD5( multi subs) NLT-Release/VIDEO_TS/VTS_15_0.BUP,16,K
Cross (2011) NTSC DVD5( multi subs) NLT-Release/VIDEO_TS/VTS_15_0.IFO,16,K
Cross (2011) NTSC DVD5( multi subs) NLT-Release/VIDEO_TS/VTS_15_1.VOB,14,K
Cross (2011) NTSC DVD5( multi subs) NLT-Release/VIDEO_TS/VTS_16_0.BUP,16,K
Cross (2011) NTSC DVD5( multi subs) NLT-Release/VIDEO_TS/VTS_16_0.IFO,16,K
Cross (2011) NTSC DVD5( multi subs) NLT-Release/VIDEO_TS/VTS_16_1.VOB,14,K
Cross (2011) NTSC DVD5( multi subs) NLT-Release/VIDEO_TS/VTS_17_0.BUP,16,K
Cross (2011) NTSC DVD5( multi subs) NLT-Release/VIDEO_TS/VTS_17_0.IFO,16,K
Cross (2011) NTSC DVD5( multi subs) NLT-Release/VIDEO_TS/VTS_17_1.VOB,13.24,M
Cross (2011) NTSC DVD5( multi subs) NLT-Release/VIDEO_TS/VTS_18_0.BUP,16,K
Cross (2011) NTSC DVD5( multi subs) NLT-Release/VIDEO_TS/VTS_18_0.IFO,16,K
Cross (2011) NTSC DVD5( multi subs) NLT-Release/VIDEO_TS/VTS_18_1.VOB,620,K
Cross (2011) NTSC DVD5( multi subs) NLT-Release.txt,1.92,K
Movierecensies.nl  1.gif,14.23,K
NLT Logo.png,53.17,K
Nlt-Release belangrijk .txt,1.52,K
Torrent downloaded from www.Demonoid.txt,47,B
