Title,Type,Files,Size,IMDB,Spoken Languages,Texted Languages,Tags,Quality (+),Quality (-),Uploaded,By,User Type,Seeders,Leechers,Info Hash,Picture,Capture Date
The.Biggest.Loser.AU.S06E36.WS.PDTV.XviD-WPi,205,5,355.66 MiB (372939671 Bytes),,,,,0,0,2011-04-02T04:39:04Z,TvTeam,[V],0,0,8C6303F48213F1D75A257EAC97C7C18AB9F07EAE,,2012-06-24T17:37:56Z
