Title,Type,Files,Size,IMDB,Spoken Languages,Texted Languages,Tags,Quality (+),Quality (-),Uploaded,By,User Type,Seeders,Leechers,Info Hash,Picture,Capture Date
Sexy babes wallpapers 1920x1200 pt.5 (read-ero.info),603,251,390.08 MiB (409029696 Bytes),,,,,1,0,2011-10-29T21:06:27Z,ReadEro,,1,0,7847D0CF56FA8FFE8E7B7531AB216E666CC8C058,http://image.bayimg.com/lakgaaadl.jpg,2012-05-21T09:01:32Z
