User Type,Username,Date,Text
,supercat01,2011-05-11T04:19Z,Thank you!!!!!!!Please keep it cumming.
