Title,Type,Files,Size,IMDB,Spoken Languages,Texted Languages,Tags,Quality (+),Quality (-),Uploaded,By,User Type,Seeders,Leechers,Info Hash,Picture,Capture Date
Jess Klein...Bound to Love(2009)[FLAC],104,18,315.62 MiB (330949963 Bytes),,,,,0,0,2011-02-03T06:32:58Z,dickspic,[V],1,0,F508545CA4DAA7BDDC4178CC97C5B4D95205BD15,,2012-06-28T11:18:20Z
