
In questa puntata andata in onda il 4 gennaio 2011 ore 21.00 su Italia 1

Alieni: le testimonianze dei rapiti; Dracula, Narni sotteranea, Messaggi subliminali, Science Report, streghe e Wiccan.

[ Info sul file ]

Nome: Mistero S04e01.avi
Data: 17/01/2011 13:45:36
Dimensione: 1,565,550,592 bytes (1493.025 MB)

[ Info generiche ]

Durata: 02:32:10 (9129.76 s)
Tipo di contenitore: AVI OpenDML
Streams totali: 2
Tipo stream n. 0: video
Tipo stream n. 1: audio
Audio streams: 1
ISFT: VirtualDubMod 1.5.4.1 (build 2178/release)
JUNK: VirtualDubMod build 2178/release

[ Dati rilevanti ]

Risoluzione: 640 x 368
Larghezza: multipla di 32
Altezza: multipla di 16

[ Traccia video ]

FourCC: xvid/XVID
Risoluzione: 640 x 368
Frame aspect ratio: 40:23 = 1.739130
Pixel aspect ratio: 1:1 = 1
Display aspect ratio: 40:23 = 1.739130
Framerate: 25 fps
Frames totali: 228244
Stream size: 1,411,132,644 bytes
Bitrate: 1236.512367 kbps
Qf: 0.210005
Key frames: 3288 (0; 6; 20; 34; 48; ... 228234)
Null frames: 0
Min key int: 1
Max key int: 250
Key int medio: 69.417274
Ritardo: 0 ms

[ Traccia audio ]

Audio tag: 0x55 (MP3)
Bitrate (contenitore): 128 kbps CBR
Canali (contenitore): 2
Frequenza (contenitore): 48000 Hz
Chunks: 114117
Stream size: 146,076,288 bytes
Preload: 504 ms
Max A/V diff: 560 ms
Tipo: MPEG-1 Layer III
Encoder: LAME3.98r
Chunk-aligned: Sì
Emphasis: none
Mode: joint stereo
Ritardo: 0 ms

[ Info sulla codifica MPEG4 ]

User data: XviD0050
QPel: No
GMC: No
Interlaced: No
Aspect ratio: Square pixels
Quant type: MPEG custom (*)
Custom intra quant matrix: 
8 9 10 11 12 14 16 18
9 11 12 13 15 16 18 20
10 12 14 16 17 19 21 22
11 13 16 18 20 22 24 26
12 15 17 20 23 25 28 30
14 16 19 22 25 29 34 38
16 18 21 24 28 34 46 52
18 20 22 26 30 38 52 72
Custom inter quant matrix: 
16 16 17 17 18 19 21 23
16 17 17 18 19 20 22 24
17 17 19 20 21 23 24 27
17 18 20 22 24 25 28 32
18 19 21 24 26 29 36 40
19 20 23 25 29 40 48 52
21 22 24 28 36 48 60 64
23 24 27 32 40 52 64 106

[ Profile compliancy ]

Profilo da testare: MTK PAL 6000
Risoluzione: Ok
Framerate: Ok

Rapporto generato da AVInaptic (18-11-2007) in data 18 gen 2011, h 14:25:32


