Filename,Size,Unit
Playing Pool - Sandra Shine.mpg,161.29,M
