Title,Type,Files,Size,IMDB,Spoken Languages,Texted Languages,Tags,Quality (+),Quality (-),Uploaded,By,User Type,Seeders,Leechers,Info Hash,Picture,Capture Date
"Black lagoon ova robertas blood trail ep2,eng sub.avi",205,1,97.17 MiB (101891292 Bytes),,Japanese,English,,0,0,2011-06-16T17:48:37Z,tiltswitch,,4,1,65FF3B5E5580BA4038A7257D703FCEC63560E5FC,,2012-06-18T11:45:21Z
