User Type,Username,Date,Text
,ankurgow3,2011-05-28T18:08Z,kinda blury bro. Plz provide a better version.
,ninagagi,2011-06-18T16:30Z,"Thanks Much, Great Share, Keep Coming Them More & More!!"
,BuZT3D,2011-08-21T00:32Z,fast download and great quality
[T],theLEAK,2012-01-02T00:58Z,Thanks :)
,josealvarez48,2012-01-29T02:10Z,"480p

 6/10 Q

blury "
,josealvarez48,2012-01-29T02:10Z,"blury

Q 6/10"
,josealvarez48,2012-01-29T02:14Z,"blury

6/10 Q"
