Filename,Size,Unit
Torrent downloaded from Demonoid.me.txt,46,B
Subtitle/english.idx,70.42,K
Subtitle/english.sub,5.48,M
Torrent Downloaded From ExtraTorrent.com.txt,353,B
Finding A Family 2011 480p DVDRip Xvid AC3-INF1N1TY.avi,1.4,G
Finding A Family 2011 480p DVDRip Xvid AC3-INF1N1TY.nfo,2.67,K
