Filename,Size,Unit
1486.avi,2.33,M
