Filename,Size,Unit
3e Trailer Easy Self-Defense 4 Everyone by Ruud Kirkels.wmv,257.59,M
Ruud easy self defense 4 everyone by ruud kirkels.jpg,14.56,M
Ruud's Easy Self-Defense 4 Everyone by Ruud Kirkels intro.mpg,102.76,M
