User Type,Username,Date,Text
,kezza12,2011-02-08T20:59Z,ill be seeding till a few of you have got it and then ill leave it upto u :D
,kezza12,2011-02-10T19:54Z,can ppl tell me if its downloading cus i aint gt a clue what to do lol
