Title,Type,Files,Size,IMDB,Spoken Languages,Texted Languages,Tags,Quality (+),Quality (-),Uploaded,By,User Type,Seeders,Leechers,Info Hash,Picture,Capture Date
Angel Face (Digital Sin) **08.18.2011** DVDRip,201,1,700.16 MiB (734173184 Bytes),,,,,0,0,2011-08-27T03:36:11Z,jabber1,,2,0,D450B29559117A2F2E4CFF8BD1801FD0265195EF,,2012-06-13T06:26:54Z
