Filename,Size,Unit
Chris Brown - Don't Wake Me Up (Shout).2012.mp3,6.32,M
