Filename,Size,Unit
[HorribleSubs] Saint Seiya The Lost Canvas - 17 [480p].mkv,154.8,M
