Filename,Size,Unit
psh-p18ms.jpg,187.35,K
psh-p18ms.nfo,7.94,K
psh-p18ms.wmv,316,M
