Filename,Size,Unit
Krissy.Lynn.Johnny.Castle.MyDadsHotGirlfriend.12.28.2011.wmv,430.79,M
