Title,Type,Files,Size,IMDB,Spoken Languages,Texted Languages,Tags,Quality (+),Quality (-),Uploaded,By,User Type,Seeders,Leechers,Info Hash,Picture,Capture Date
Unforgettable.S01E05.720p.HDTV.X264-DIMENSION,208,1,938.86 MiB (984470958 Bytes),,,,,0,0,2011-10-19T15:04:01Z,UltraTorrents,[V],7,3,6A5555AC48BD6B6669BB19C98C934F65FA52B9CB,,2012-05-24T03:15:08Z
