Title,Type,Files,Size,IMDB,Spoken Languages,Texted Languages,Tags,Quality (+),Quality (-),Uploaded,By,User Type,Seeders,Leechers,Info Hash,Picture,Capture Date
ClubCassidey.E150.Daisy.Marie.Loves.A.Dick.In.Her.Pussy,501,2,212.15 MiB (222452899 Bytes),,,,,0,0,2012-01-02T04:18:18Z,exmnova,[T],4,1,24B1196BFFCC46A24D0463CED75901F704B129CE,,2012-05-14T06:34:01Z
