Title,Type,Files,Size,IMDB,Spoken Languages,Texted Languages,Tags,Quality (+),Quality (-),Uploaded,By,User Type,Seeders,Leechers,Info Hash,Picture,Capture Date
Window ShortCut Arrow Remove From Desktop Icon By SuDHiR,301,2,1.65 MiB (1733765 Bytes),,,,"""Window ShortCut Arrow Remove"",""icon"",""arrow"",""shortcut"",""sudhir"",""windows""",2,0,2011-06-23T06:25:50Z,sudhir108,,0,3,384FDA2E8067BE8842629EB022272E5320E2EF6B,,2012-06-18T04:03:41Z
