Title,Type,Files,Size,IMDB,Spoken Languages,Texted Languages,Tags,Quality (+),Quality (-),Uploaded,By,User Type,Seeders,Leechers,Info Hash,Picture,Capture Date
"Gary Moore - Where Are You Now (Live At Montreux, 2010).mkv",203,1,215.48 MiB (225949835 Bytes),,,,,2,0,2011-12-12T22:15:20Z,jujcho,,4,0,8EB9EF49F41565C2E2851F51A9D14C218DDA1BE3,,2012-05-15T06:33:15Z
