Filename,Size,Unit
Torrent downloaded from Demonoid.me.txt,46,B
2011-05-08_Formula 1 - 2011 - Turkey Grand Prix .720.pt4.thebox.hannibal.mkv,767.02,M
2011-05-08_Formula 1 - 2011 - Turkey Grand Prix .720.pt5.thebox.hannibal.mkv,626.68,M
2011-05-08_Formula 1 - 2011 - Turkey Grand Prix .720.pt2.thebox.hannibal.mkv,1.17,G
2011-05-08_Formula 1 - 2011 - Turkey Grand Prix .720.pt1.thebox.hannibal.mkv,1.17,G
2011-05-08_Formula 1 - 2011 - Turkey Grand Prix .720.pt3.thebox.hannibal.mkv,1.43,G
