Title,Type,Files,Size,IMDB,Spoken Languages,Texted Languages,Tags,Quality (+),Quality (-),Uploaded,By,User Type,Seeders,Leechers,Info Hash,Picture,Capture Date
"Paper Man (PSP, iPod, Zune)",206,4,410.42 MiB (430358977 Bytes),http://www.imdb.com/title/tt0437405/,English,English,,1,0,2011-01-13T08:04:31Z,HolyRoses,[V],2,0,C65D77A3E9B7B4EA5171A573348424293DDF4749,http://image.bayimg.com/nadefaade.jpg,2012-06-29T12:55:04Z
