Filename,Size,Unit
Sarah De Herdt (1100 pics)/dsc00041.jpg,186.92,K
Sarah De Herdt (1100 pics)/dsc02090.jpg,172.03,K
Sarah De Herdt (1100 pics)/dsc00121.jpg,162.42,K
Sarah De Herdt (1100 pics)/dsc00682.jpg,160.43,K
Sarah De Herdt (1100 pics)/dsc00679.jpg,160.08,K
Sarah De Herdt (1100 pics)/dsc01795.jpg,159.98,K
Sarah De Herdt (1100 pics)/dsc03889.jpg,159.96,K
Sarah De Herdt (1100 pics)/dsc03397.jpg,159.91,K
Sarah De Herdt (1100 pics)/dsc02081.jpg,159.89,K
Sarah De Herdt (1100 pics)/dsc00652.jpg,159.86,K
Sarah De Herdt (1100 pics)/dsc04139.jpg,159.77,K
Sarah De Herdt (1100 pics)/dsc01024.jpg,159.7,K
Sarah De Herdt (1100 pics)/dsc00412.jpg,159.67,K
Sarah De Herdt (1100 pics)/dsc02384.jpg,159.62,K
Sarah De Herdt (1100 pics)/dsc00837.jpg,159.53,K
Sarah De Herdt (1100 pics)/dsc04163.jpg,159.51,K
Sarah De Herdt (1100 pics)/dsc02118.jpg,159.49,K
Sarah De Herdt (1100 pics)/dsc02923.jpg,159.49,K
Sarah De Herdt (1100 pics)/dsc01025.jpg,159.23,K
Sarah De Herdt (1100 pics)/dsc00611.jpg,159.22,K
Sarah De Herdt (1100 pics)/dsc05347.jpg,159.22,K
Sarah De Herdt (1100 pics)/dsc05250.jpg,159.2,K
Sarah De Herdt (1100 pics)/dsc00641.jpg,159.03,K
Sarah De Herdt (1100 pics)/dsc03477.jpg,158.95,K
Sarah De Herdt (1100 pics)/dsc01228.jpg,158.8,K
Sarah De Herdt (1100 pics)/dsc04502.jpg,158.74,K
Sarah De Herdt (1100 pics)/dsc00405.jpg,158.72,K
Sarah De Herdt (1100 pics)/dsc00721.jpg,158.57,K
Sarah De Herdt (1100 pics)/dsc00898.jpg,158.56,K
Sarah De Herdt (1100 pics)/dsc00413.jpg,158.49,K
Sarah De Herdt (1100 pics)/dsc01571.jpg,158.38,K
Sarah De Herdt (1100 pics)/dsc00672.jpg,158.34,K
Sarah De Herdt (1100 pics)/dsc01918.jpg,158.25,K
Sarah De Herdt (1100 pics)/dsc01187.jpg,158.21,K
Sarah De Herdt (1100 pics)/dsc02231.jpg,158.17,K
Sarah De Herdt (1100 pics)/dsc01185.jpg,158.05,K
Sarah De Herdt (1100 pics)/dsc00683.jpg,157.91,K
Sarah De Herdt (1100 pics)/dsc04140.jpg,157.78,K
Sarah De Herdt (1100 pics)/dsc01419.jpg,157.61,K
Sarah De Herdt (1100 pics)/dsc02051.jpg,157.58,K
Sarah De Herdt (1100 pics)/dsc00880.jpg,157.49,K
Sarah De Herdt (1100 pics)/dsc00789.jpg,157.39,K
Sarah De Herdt (1100 pics)/dsc03628.jpg,157.39,K
Sarah De Herdt (1100 pics)/dsc00468.jpg,157.26,K
Sarah De Herdt (1100 pics)/dsc02856.jpg,157.26,K
Sarah De Herdt (1100 pics)/dsc04485.jpg,157.23,K
Sarah De Herdt (1100 pics)/dsc00857.jpg,157.22,K
Sarah De Herdt (1100 pics)/dsc02262.jpg,157.17,K
Sarah De Herdt (1100 pics)/dsc01364.jpg,157.15,K
Sarah De Herdt (1100 pics)/dsc00655.jpg,157.14,K
Sarah De Herdt (1100 pics)/dsc02049.jpg,157.13,K
Sarah De Herdt (1100 pics)/dsc01927.jpg,157.1,K
Sarah De Herdt (1100 pics)/dsc01417.jpg,157.09,K
Sarah De Herdt (1100 pics)/dsc01493.jpg,156.97,K
Sarah De Herdt (1100 pics)/dsc01084.jpg,156.9,K
Sarah De Herdt (1100 pics)/dsc00444.jpg,156.81,K
Sarah De Herdt (1100 pics)/dsc00365.jpg,156.78,K
Sarah De Herdt (1100 pics)/dsc00408.jpg,156.74,K
Sarah De Herdt (1100 pics)/dsc02595.jpg,156.72,K
Sarah De Herdt (1100 pics)/dsc01273.jpg,156.67,K
Sarah De Herdt (1100 pics)/dsc00564.jpg,156.63,K
Sarah De Herdt (1100 pics)/dsc02115.jpg,156.61,K
Sarah De Herdt (1100 pics)/dsc02511.jpg,156.59,K
Sarah De Herdt (1100 pics)/dsc05090.jpg,156.54,K
Sarah De Herdt (1100 pics)/dsc00985.jpg,156.53,K
Sarah De Herdt (1100 pics)/dsc05095.jpg,156.51,K
Sarah De Herdt (1100 pics)/dsc00313.jpg,156.41,K
Sarah De Herdt (1100 pics)/dsc04860.jpg,156.35,K
Sarah De Herdt (1100 pics)/dsc00580.jpg,156.35,K
Sarah De Herdt (1100 pics)/dsc01905.jpg,156.33,K
Sarah De Herdt (1100 pics)/dsc00645.jpg,155.99,K
Sarah De Herdt (1100 pics)/dsc04882.jpg,155.89,K
Sarah De Herdt (1100 pics)/dsc00608.jpg,155.87,K
Sarah De Herdt (1100 pics)/dsc03450.jpg,155.81,K
Sarah De Herdt (1100 pics)/dsc02036.jpg,155.73,K
Sarah De Herdt (1100 pics)/dsc00806.jpg,155.64,K
Sarah De Herdt (1100 pics)/dsc01840.jpg,155.63,K
Sarah De Herdt (1100 pics)/dsc00740.jpg,155.61,K
Sarah De Herdt (1100 pics)/dsc02517.jpg,155.55,K
Sarah De Herdt (1100 pics)/dsc04183.jpg,155.45,K
Sarah De Herdt (1100 pics)/dsc00169.jpg,155.45,K
Sarah De Herdt (1100 pics)/dsc02266.jpg,155.45,K
Sarah De Herdt (1100 pics)/dsc02723.jpg,155.41,K
Sarah De Herdt (1100 pics)/dsc00980.jpg,155.31,K
Sarah De Herdt (1100 pics)/dsc00977.jpg,155.27,K
Sarah De Herdt (1100 pics)/dsc02037.jpg,155.17,K
Sarah De Herdt (1100 pics)/dsc00766.jpg,155.17,K
Sarah De Herdt (1100 pics)/dsc00410.jpg,155.16,K
Sarah De Herdt (1100 pics)/dsc02738.jpg,155.15,K
Sarah De Herdt (1100 pics)/dsc02246.jpg,155.13,K
Sarah De Herdt (1100 pics)/dsc00695.jpg,155.12,K
Sarah De Herdt (1100 pics)/dsc02230.jpg,155.08,K
Sarah De Herdt (1100 pics)/dsc00675.jpg,155.03,K
Sarah De Herdt (1100 pics)/dsc00902.jpg,155.02,K
Sarah De Herdt (1100 pics)/dsc00134.jpg,154.97,K
Sarah De Herdt (1100 pics)/dsc02444.jpg,154.96,K
Sarah De Herdt (1100 pics)/dsc00466.jpg,154.95,K
Sarah De Herdt (1100 pics)/dsc01155.jpg,154.94,K
Sarah De Herdt (1100 pics)/dsc01041.jpg,154.92,K
Sarah De Herdt (1100 pics)/dsc00649.jpg,154.85,K
Sarah De Herdt (1100 pics)/dsc00337.jpg,154.84,K
Sarah De Herdt (1100 pics)/dsc02157.jpg,154.84,K
Sarah De Herdt (1100 pics)/dsc02053.jpg,154.79,K
Sarah De Herdt (1100 pics)/dsc05235.jpg,154.72,K
Sarah De Herdt (1100 pics)/dsc01249.jpg,154.68,K
Sarah De Herdt (1100 pics)/dsc04647.jpg,154.61,K
Sarah De Herdt (1100 pics)/dsc01023.jpg,154.61,K
Sarah De Herdt (1100 pics)/dsc03084.jpg,154.58,K
Sarah De Herdt (1100 pics)/dsc00848.jpg,154.48,K
Sarah De Herdt (1100 pics)/dsc05199.jpg,154.43,K
Sarah De Herdt (1100 pics)/dsc02924.jpg,154.38,K
Sarah De Herdt (1100 pics)/dsc01690.jpg,154.35,K
Sarah De Herdt (1100 pics)/dsc00409.jpg,154.32,K
Sarah De Herdt (1100 pics)/dsc01090.jpg,154.26,K
Sarah De Herdt (1100 pics)/dsc00907.jpg,154.19,K
Sarah De Herdt (1100 pics)/dsc02029.jpg,154.14,K
Sarah De Herdt (1100 pics)/dsc00607.jpg,154.07,K
Sarah De Herdt (1100 pics)/dsc02337.jpg,153.98,K
Sarah De Herdt (1100 pics)/dsc01395.jpg,153.97,K
Sarah De Herdt (1100 pics)/dsc02229.jpg,153.93,K
Sarah De Herdt (1100 pics)/dsc01247.jpg,153.91,K
Sarah De Herdt (1100 pics)/dsc00700.jpg,153.87,K
Sarah De Herdt (1100 pics)/dsc00887.jpg,153.83,K
Sarah De Herdt (1100 pics)/dsc00854.jpg,153.83,K
Sarah De Herdt (1100 pics)/dsc01264.jpg,153.78,K
Sarah De Herdt (1100 pics)/dsc02232.jpg,153.75,K
Sarah De Herdt (1100 pics)/dsc01086.jpg,153.66,K
Sarah De Herdt (1100 pics)/dsc04678.jpg,153.56,K
Sarah De Herdt (1100 pics)/dsc02124.jpg,153.54,K
Sarah De Herdt (1100 pics)/dsc00325.jpg,153.53,K
Sarah De Herdt (1100 pics)/dsc02039.jpg,153.49,K
Sarah De Herdt (1100 pics)/dsc03629.jpg,153.47,K
Sarah De Herdt (1100 pics)/dsc00913.jpg,153.44,K
Sarah De Herdt (1100 pics)/dsc00906.jpg,153.44,K
Sarah De Herdt (1100 pics)/dsc02718.jpg,153.39,K
Sarah De Herdt (1100 pics)/dsc02998.jpg,153.36,K
Sarah De Herdt (1100 pics)/dsc00125.jpg,153.28,K
Sarah De Herdt (1100 pics)/dsc00912.jpg,153.23,K
Sarah De Herdt (1100 pics)/dsc02860.jpg,153.19,K
Sarah De Herdt (1100 pics)/dsc02715.jpg,153.15,K
Sarah De Herdt (1100 pics)/dsc01492.jpg,153.11,K
Sarah De Herdt (1100 pics)/dsc04165.jpg,153.03,K
Sarah De Herdt (1100 pics)/dsc01166.jpg,153.03,K
Sarah De Herdt (1100 pics)/dsc02035.jpg,152.99,K
Sarah De Herdt (1100 pics)/dsc00577.jpg,152.93,K
Sarah De Herdt (1100 pics)/dsc01721.jpg,152.92,K
Sarah De Herdt (1100 pics)/dsc01699.jpg,152.87,K
Sarah De Herdt (1100 pics)/dsc00914.jpg,152.82,K
Sarah De Herdt (1100 pics)/dsc04929.jpg,152.68,K
Sarah De Herdt (1100 pics)/dsc00441.jpg,152.67,K
Sarah De Herdt (1100 pics)/dsc00609.jpg,152.58,K
Sarah De Herdt (1100 pics)/dsc05402.jpg,152.57,K
Sarah De Herdt (1100 pics)/dsc00339.jpg,152.54,K
Sarah De Herdt (1100 pics)/dsc01909.jpg,152.5,K
Sarah De Herdt (1100 pics)/dsc00612.jpg,152.46,K
Sarah De Herdt (1100 pics)/dsc00257.jpg,152.44,K
Sarah De Herdt (1100 pics)/dsc05228.jpg,152.37,K
Sarah De Herdt (1100 pics)/dsc01731.jpg,152.33,K
Sarah De Herdt (1100 pics)/dsc02381.jpg,152.29,K
Sarah De Herdt (1100 pics)/dsc05236.jpg,152.26,K
Sarah De Herdt (1100 pics)/dsc00767.jpg,152.25,K
Sarah De Herdt (1100 pics)/dsc04903.jpg,152.13,K
Sarah De Herdt (1100 pics)/dsc02506.jpg,151.96,K
Sarah De Herdt (1100 pics)/dsc00829.jpg,151.94,K
Sarah De Herdt (1100 pics)/dsc02042.jpg,151.88,K
Sarah De Herdt (1100 pics)/dsc05013.jpg,151.86,K
Sarah De Herdt (1100 pics)/dsc00654.jpg,151.83,K
Sarah De Herdt (1100 pics)/dsc03008.jpg,151.74,K
Sarah De Herdt (1100 pics)/dsc01911.jpg,151.67,K
Sarah De Herdt (1100 pics)/dsc00691.jpg,151.6,K
Sarah De Herdt (1100 pics)/dsc02716.jpg,151.58,K
Sarah De Herdt (1100 pics)/dsc00726.jpg,151.5,K
Sarah De Herdt (1100 pics)/dsc01254.jpg,151.44,K
Sarah De Herdt (1100 pics)/dsc03625.jpg,151.42,K
Sarah De Herdt (1100 pics)/dsc02854.jpg,151.39,K
Sarah De Herdt (1100 pics)/dsc02596.jpg,151.32,K
Sarah De Herdt (1100 pics)/dsc02435.jpg,151.31,K
Sarah De Herdt (1100 pics)/dsc00885.jpg,151.21,K
Sarah De Herdt (1100 pics)/dsc02709.jpg,151.2,K
Sarah De Herdt (1100 pics)/dsc00208.jpg,151.02,K
Sarah De Herdt (1100 pics)/dsc00117.jpg,150.99,K
Sarah De Herdt (1100 pics)/dsc01231.jpg,150.93,K
Sarah De Herdt (1100 pics)/dsc00844.jpg,150.9,K
Sarah De Herdt (1100 pics)/dsc00603.jpg,150.86,K
Sarah De Herdt (1100 pics)/dsc00428.jpg,150.85,K
Sarah De Herdt (1100 pics)/dsc00461.jpg,150.83,K
Sarah De Herdt (1100 pics)/dsc00331.jpg,150.82,K
Sarah De Herdt (1100 pics)/dsc00336.jpg,150.81,K
Sarah De Herdt (1100 pics)/dsc00846.jpg,150.77,K
Sarah De Herdt (1100 pics)/dsc01260.jpg,150.73,K
Sarah De Herdt (1100 pics)/dsc01656.jpg,150.63,K
Sarah De Herdt (1100 pics)/dsc01042.jpg,150.62,K
Sarah De Herdt (1100 pics)/dsc01665.jpg,150.61,K
Sarah De Herdt (1100 pics)/dsc00435.jpg,150.57,K
Sarah De Herdt (1100 pics)/dsc00909.jpg,150.57,K
Sarah De Herdt (1100 pics)/dsc01623.jpg,150.45,K
Sarah De Herdt (1100 pics)/dsc00727.jpg,150.4,K
Sarah De Herdt (1100 pics)/dsc00744.jpg,150.38,K
Sarah De Herdt (1100 pics)/dsc02375.jpg,150.34,K
Sarah De Herdt (1100 pics)/dsc05306.jpg,150.34,K
Sarah De Herdt (1100 pics)/dsc02910.jpg,150.31,K
Sarah De Herdt (1100 pics)/dsc01253.jpg,150.31,K
Sarah De Herdt (1100 pics)/dsc00305.jpg,150.31,K
Sarah De Herdt (1100 pics)/dsc02872.jpg,150.29,K
Sarah De Herdt (1100 pics)/dsc04150.jpg,150.29,K
Sarah De Herdt (1100 pics)/dsc02973.jpg,150.22,K
Sarah De Herdt (1100 pics)/dsc04648.jpg,150.18,K
Sarah De Herdt (1100 pics)/dsc02328.jpg,150.12,K
Sarah De Herdt (1100 pics)/dsc00690.jpg,150.1,K
Sarah De Herdt (1100 pics)/dsc00570.jpg,150.03,K
Sarah De Herdt (1100 pics)/dsc05353.jpg,149.94,K
Sarah De Herdt (1100 pics)/dsc00788.jpg,149.87,K
Sarah De Herdt (1100 pics)/dsc02391.jpg,149.83,K
Sarah De Herdt (1100 pics)/dsc01782.jpg,149.76,K
Sarah De Herdt (1100 pics)/dsc01695.jpg,149.71,K
Sarah De Herdt (1100 pics)/dsc01045.jpg,149.69,K
Sarah De Herdt (1100 pics)/dsc01858.jpg,149.64,K
Sarah De Herdt (1100 pics)/dsc00836.jpg,149.6,K
Sarah De Herdt (1100 pics)/dsc04966.jpg,149.57,K
Sarah De Herdt (1100 pics)/dsc01211.jpg,149.56,K
Sarah De Herdt (1100 pics)/dsc00693.jpg,149.54,K
Sarah De Herdt (1100 pics)/dsc00775.jpg,149.52,K
Sarah De Herdt (1100 pics)/dsc00765.jpg,149.49,K
Sarah De Herdt (1100 pics)/dsc00835.jpg,149.48,K
Sarah De Herdt (1100 pics)/dsc00790.jpg,149.45,K
Sarah De Herdt (1100 pics)/dsc04884.jpg,149.44,K
Sarah De Herdt (1100 pics)/dsc01642.jpg,149.43,K
Sarah De Herdt (1100 pics)/dsc00899.jpg,149.42,K
Sarah De Herdt (1100 pics)/dsc00900.jpg,149.37,K
Sarah De Herdt (1100 pics)/dsc00648.jpg,149.33,K
Sarah De Herdt (1100 pics)/dsc01885.jpg,149.3,K
Sarah De Herdt (1100 pics)/dsc04629.jpg,149.29,K
Sarah De Herdt (1100 pics)/dsc01201.jpg,149.24,K
Sarah De Herdt (1100 pics)/dsc02236.jpg,149.24,K
Sarah De Herdt (1100 pics)/dsc00341.jpg,149.23,K
Sarah De Herdt (1100 pics)/dsc01233.jpg,149.21,K
Sarah De Herdt (1100 pics)/dsc03004.jpg,149.21,K
Sarah De Herdt (1100 pics)/dsc01541.jpg,149.18,K
Sarah De Herdt (1100 pics)/dsc05077.jpg,149.12,K
Sarah De Herdt (1100 pics)/dsc00430.jpg,149.11,K
Sarah De Herdt (1100 pics)/dsc00719.jpg,149.08,K
Sarah De Herdt (1100 pics)/dsc01897.jpg,149.06,K
Sarah De Herdt (1100 pics)/dsc00879.jpg,149.05,K
Sarah De Herdt (1100 pics)/dsc00934.jpg,148.99,K
Sarah De Herdt (1100 pics)/dsc00374.jpg,148.98,K
Sarah De Herdt (1100 pics)/dsc01957.jpg,148.97,K
Sarah De Herdt (1100 pics)/dsc00340.jpg,148.88,K
Sarah De Herdt (1100 pics)/dsc04213.jpg,148.82,K
Sarah De Herdt (1100 pics)/dsc00714.jpg,148.78,K
Sarah De Herdt (1100 pics)/dsc00759.jpg,148.78,K
Sarah De Herdt (1100 pics)/dsc02097.jpg,148.76,K
Sarah De Herdt (1100 pics)/dsc02540.jpg,148.76,K
Sarah De Herdt (1100 pics)/dsc01437.jpg,148.73,K
Sarah De Herdt (1100 pics)/dsc04162.jpg,148.69,K
Sarah De Herdt (1100 pics)/dsc00872.jpg,148.65,K
Sarah De Herdt (1100 pics)/dsc00659.jpg,148.56,K
Sarah De Herdt (1100 pics)/dsc02038.jpg,148.54,K
Sarah De Herdt (1100 pics)/dsc05308.jpg,148.5,K
Sarah De Herdt (1100 pics)/dsc00604.jpg,148.49,K
Sarah De Herdt (1100 pics)/dsc02912.jpg,148.44,K
Sarah De Herdt (1100 pics)/dsc00605.jpg,148.35,K
Sarah De Herdt (1100 pics)/dsc00859.jpg,148.21,K
Sarah De Herdt (1100 pics)/dsc03593.jpg,148.2,K
Sarah De Herdt (1100 pics)/dsc04159.jpg,148.11,K
Sarah De Herdt (1100 pics)/dsc01184.jpg,147.97,K
Sarah De Herdt (1100 pics)/dsc02759.jpg,147.96,K
Sarah De Herdt (1100 pics)/dsc01204.jpg,147.93,K
Sarah De Herdt (1100 pics)/dsc05025.jpg,147.88,K
Sarah De Herdt (1100 pics)/dsc01666.jpg,147.86,K
Sarah De Herdt (1100 pics)/dsc05237.jpg,147.79,K
Sarah De Herdt (1100 pics)/dsc04476.jpg,147.79,K
Sarah De Herdt (1100 pics)/dsc04638.jpg,147.74,K
Sarah De Herdt (1100 pics)/dsc01547.jpg,147.72,K
Sarah De Herdt (1100 pics)/dsc01910.jpg,147.71,K
Sarah De Herdt (1100 pics)/dsc01659.jpg,147.7,K
Sarah De Herdt (1100 pics)/dsc01961.jpg,147.61,K
Sarah De Herdt (1100 pics)/dsc01134.jpg,147.49,K
Sarah De Herdt (1100 pics)/dsc01226.jpg,147.46,K
Sarah De Herdt (1100 pics)/dsc00372.jpg,147.44,K
Sarah De Herdt (1100 pics)/dsc05114.jpg,147.3,K
Sarah De Herdt (1100 pics)/dsc02717.jpg,147.3,K
Sarah De Herdt (1100 pics)/dsc04643.jpg,147.28,K
Sarah De Herdt (1100 pics)/dsc00456.jpg,147.25,K
Sarah De Herdt (1100 pics)/dsc01568.jpg,147.24,K
Sarah De Herdt (1100 pics)/dsc01028.jpg,147.23,K
Sarah De Herdt (1100 pics)/dsc05067.jpg,147.2,K
Sarah De Herdt (1100 pics)/dsc02389.jpg,147.17,K
Sarah De Herdt (1100 pics)/dsc03393.jpg,147.14,K
Sarah De Herdt (1100 pics)/dsc01657.jpg,147.11,K
Sarah De Herdt (1100 pics)/dsc01865.jpg,147.07,K
Sarah De Herdt (1100 pics)/dsc04857.jpg,147.06,K
Sarah De Herdt (1100 pics)/dsc00862.jpg,147.05,K
Sarah De Herdt (1100 pics)/dsc01444.jpg,146.98,K
Sarah De Herdt (1100 pics)/dsc03002.jpg,146.97,K
Sarah De Herdt (1100 pics)/dsc00459.jpg,146.94,K
Sarah De Herdt (1100 pics)/dsc01207.jpg,146.88,K
Sarah De Herdt (1100 pics)/dsc04518.jpg,146.85,K
Sarah De Herdt (1100 pics)/dsc00462.jpg,146.84,K
Sarah De Herdt (1100 pics)/dsc05086.jpg,146.83,K
Sarah De Herdt (1100 pics)/dsc00911.jpg,146.8,K
Sarah De Herdt (1100 pics)/dsc00833.jpg,146.71,K
Sarah De Herdt (1100 pics)/dsc02839.jpg,146.69,K
Sarah De Herdt (1100 pics)/dsc02336.jpg,146.69,K
Sarah De Herdt (1100 pics)/dsc05041.jpg,146.58,K
Sarah De Herdt (1100 pics)/dsc01442.jpg,146.58,K
Sarah De Herdt (1100 pics)/dsc03089.jpg,146.55,K
Sarah De Herdt (1100 pics)/dsc02835.jpg,146.54,K
Sarah De Herdt (1100 pics)/dsc00660.jpg,146.54,K
Sarah De Herdt (1100 pics)/dsc01188.jpg,146.53,K
Sarah De Herdt (1100 pics)/dsc00661.jpg,146.51,K
Sarah De Herdt (1100 pics)/dsc01466.jpg,146.38,K
Sarah De Herdt (1100 pics)/dsc00871.jpg,146.35,K
Sarah De Herdt (1100 pics)/dsc01451.jpg,146.34,K
Sarah De Herdt (1100 pics)/dsc01700.jpg,146.33,K
Sarah De Herdt (1100 pics)/dsc01658.jpg,146.31,K
Sarah De Herdt (1100 pics)/dsc01190.jpg,146.28,K
Sarah De Herdt (1100 pics)/dsc02332.jpg,146.13,K
Sarah De Herdt (1100 pics)/dsc02027.jpg,146.11,K
Sarah De Herdt (1100 pics)/dsc00855.jpg,146.03,K
Sarah De Herdt (1100 pics)/dsc00610.jpg,145.99,K
Sarah De Herdt (1100 pics)/dsc01494.jpg,145.88,K
Sarah De Herdt (1100 pics)/dsc00979.jpg,145.8,K
Sarah De Herdt (1100 pics)/dsc05346.jpg,145.8,K
Sarah De Herdt (1100 pics)/dsc01692.jpg,145.77,K
Sarah De Herdt (1100 pics)/dsc01859.jpg,145.64,K
Sarah De Herdt (1100 pics)/dsc00327.jpg,145.58,K
Sarah De Herdt (1100 pics)/dsc05238.jpg,145.57,K
Sarah De Herdt (1100 pics)/dsc02396.jpg,145.5,K
Sarah De Herdt (1100 pics)/dsc03079.jpg,145.36,K
Sarah De Herdt (1100 pics)/dsc02950.jpg,145.29,K
Sarah De Herdt (1100 pics)/dsc05078.jpg,145.27,K
Sarah De Herdt (1100 pics)/dsc02356.jpg,145.19,K
Sarah De Herdt (1100 pics)/dsc00663.jpg,145.18,K
Sarah De Herdt (1100 pics)/dsc01854.jpg,145.14,K
Sarah De Herdt (1100 pics)/dsc03088.jpg,145.13,K
Sarah De Herdt (1100 pics)/dsc00643.jpg,145.06,K
Sarah De Herdt (1100 pics)/dsc00442.jpg,145.01,K
Sarah De Herdt (1100 pics)/dsc02105.jpg,145,K
Sarah De Herdt (1100 pics)/dsc01400.jpg,144.98,K
Sarah De Herdt (1100 pics)/dsc01230.jpg,144.87,K
Sarah De Herdt (1100 pics)/dsc00684.jpg,144.8,K
Sarah De Herdt (1100 pics)/dsc00986.jpg,144.63,K
Sarah De Herdt (1100 pics)/dsc01181.jpg,144.48,K
Sarah De Herdt (1100 pics)/dsc02028.jpg,144.48,K
Sarah De Herdt (1100 pics)/dsc03626.jpg,144.47,K
Sarah De Herdt (1100 pics)/dsc02978.jpg,144.4,K
Sarah De Herdt (1100 pics)/dsc00247.jpg,144.36,K
Sarah De Herdt (1100 pics)/dsc00764.jpg,144.32,K
Sarah De Herdt (1100 pics)/dsc00878.jpg,144.31,K
Sarah De Herdt (1100 pics)/dsc00464.jpg,144.2,K
Sarah De Herdt (1100 pics)/dsc01467.jpg,144.02,K
Sarah De Herdt (1100 pics)/dsc00166.jpg,143.94,K
Sarah De Herdt (1100 pics)/dsc00666.jpg,143.93,K
Sarah De Herdt (1100 pics)/dsc02248.jpg,143.92,K
Sarah De Herdt (1100 pics)/dsc00696.jpg,143.91,K
Sarah De Herdt (1100 pics)/dsc02386.jpg,143.9,K
Sarah De Herdt (1100 pics)/dsc02050.jpg,143.87,K
Sarah De Herdt (1100 pics)/dsc00884.jpg,143.83,K
Sarah De Herdt (1100 pics)/dsc04148.jpg,143.7,K
Sarah De Herdt (1100 pics)/dsc04852.jpg,143.69,K
Sarah De Herdt (1100 pics)/dsc01208.jpg,143.55,K
Sarah De Herdt (1100 pics)/dsc04886.jpg,143.51,K
Sarah De Herdt (1100 pics)/dsc00827.jpg,143.48,K
Sarah De Herdt (1100 pics)/dsc02341.jpg,143.44,K
Sarah De Herdt (1100 pics)/dsc00467.jpg,143.37,K
Sarah De Herdt (1100 pics)/dsc04569.jpg,143.3,K
Sarah De Herdt (1100 pics)/dsc01258.jpg,143.26,K
Sarah De Herdt (1100 pics)/dsc01087.jpg,143.2,K
Sarah De Herdt (1100 pics)/dsc01542.jpg,143.19,K
Sarah De Herdt (1100 pics)/dsc04568.jpg,143.18,K
Sarah De Herdt (1100 pics)/dsc04918.jpg,143,K
Sarah De Herdt (1100 pics)/dsc00143.jpg,142.92,K
Sarah De Herdt (1100 pics)/dsc01551.jpg,142.78,K
Sarah De Herdt (1100 pics)/dsc05023.jpg,142.69,K
Sarah De Herdt (1100 pics)/dsc00673.jpg,142.67,K
Sarah De Herdt (1100 pics)/dsc01191.jpg,142.65,K
Sarah De Herdt (1100 pics)/dsc00870.jpg,142.63,K
Sarah De Herdt (1100 pics)/dsc02359.jpg,142.59,K
Sarah De Herdt (1100 pics)/dsc01434.jpg,142.54,K
Sarah De Herdt (1100 pics)/dsc00828.jpg,142.48,K
Sarah De Herdt (1100 pics)/dsc02853.jpg,142.46,K
Sarah De Herdt (1100 pics)/dsc01841.jpg,142.41,K
Sarah De Herdt (1100 pics)/dsc01205.jpg,142.38,K
Sarah De Herdt (1100 pics)/dsc03540.jpg,142.35,K
Sarah De Herdt (1100 pics)/dsc01678.jpg,142.28,K
Sarah De Herdt (1100 pics)/dsc00569.jpg,142.26,K
Sarah De Herdt (1100 pics)/dsc00897.jpg,142.19,K
Sarah De Herdt (1100 pics)/dsc00834.jpg,142.17,K
Sarah De Herdt (1100 pics)/dsc01300.jpg,142.15,K
Sarah De Herdt (1100 pics)/dsc01871.jpg,142.11,K
Sarah De Herdt (1100 pics)/dsc04144.jpg,142.1,K
Sarah De Herdt (1100 pics)/dsc00689.jpg,142.1,K
Sarah De Herdt (1100 pics)/dsc00136.jpg,142.06,K
Sarah De Herdt (1100 pics)/dsc00874.jpg,142,K
Sarah De Herdt (1100 pics)/dsc01210.jpg,141.98,K
Sarah De Herdt (1100 pics)/dsc04856.jpg,141.93,K
Sarah De Herdt (1100 pics)/dsc01209.jpg,141.93,K
Sarah De Herdt (1100 pics)/dsc04894.jpg,141.91,K
Sarah De Herdt (1100 pics)/dsc01781.jpg,141.84,K
Sarah De Herdt (1100 pics)/dsc01223.jpg,141.74,K
Sarah De Herdt (1100 pics)/dsc02873.jpg,141.7,K
Sarah De Herdt (1100 pics)/dsc04675.jpg,141.56,K
Sarah De Herdt (1100 pics)/dsc03227.jpg,141.55,K
Sarah De Herdt (1100 pics)/dsc00818.jpg,141.51,K
Sarah De Herdt (1100 pics)/dsc00586.jpg,141.49,K
Sarah De Herdt (1100 pics)/dsc01259.jpg,141.42,K
Sarah De Herdt (1100 pics)/dsc02108.jpg,141.38,K
Sarah De Herdt (1100 pics)/dsc01491.jpg,141.37,K
Sarah De Herdt (1100 pics)/dsc02113.jpg,141.36,K
Sarah De Herdt (1100 pics)/dsc00918.jpg,141.33,K
Sarah De Herdt (1100 pics)/dsc01817.jpg,141.31,K
Sarah De Herdt (1100 pics)/dsc00981.jpg,141.29,K
Sarah De Herdt (1100 pics)/dsc03417.jpg,141.29,K
Sarah De Herdt (1100 pics)/dsc00406.jpg,141.27,K
Sarah De Herdt (1100 pics)/dsc00904.jpg,141.23,K
Sarah De Herdt (1100 pics)/dsc02760.jpg,141.21,K
Sarah De Herdt (1100 pics)/dsc00640.jpg,141.2,K
Sarah De Herdt (1100 pics)/dsc02379.jpg,141.16,K
Sarah De Herdt (1100 pics)/dsc03630.jpg,141.13,K
Sarah De Herdt (1100 pics)/dsc00651.jpg,141.12,K
Sarah De Herdt (1100 pics)/dsc01176.jpg,140.99,K
Sarah De Herdt (1100 pics)/dsc01613.jpg,140.91,K
Sarah De Herdt (1100 pics)/dsc05321.jpg,140.9,K
Sarah De Herdt (1100 pics)/dsc00944.jpg,140.86,K
Sarah De Herdt (1100 pics)/dsc02911.jpg,140.86,K
Sarah De Herdt (1100 pics)/dsc02119.jpg,140.85,K
Sarah De Herdt (1100 pics)/dsc03596.jpg,140.81,K
Sarah De Herdt (1100 pics)/dsc02326.jpg,140.72,K
Sarah De Herdt (1100 pics)/dsc02744.jpg,140.71,K
Sarah De Herdt (1100 pics)/dsc01251.jpg,140.68,K
Sarah De Herdt (1100 pics)/dsc03940.jpg,140.66,K
Sarah De Herdt (1100 pics)/dsc00933.jpg,140.65,K
Sarah De Herdt (1100 pics)/dsc00418.jpg,140.64,K
Sarah De Herdt (1100 pics)/dsc01416.jpg,140.6,K
Sarah De Herdt (1100 pics)/dsc01696.jpg,140.59,K
Sarah De Herdt (1100 pics)/dsc00469.jpg,140.56,K
Sarah De Herdt (1100 pics)/dsc00785.jpg,140.53,K
Sarah De Herdt (1100 pics)/dsc05068.jpg,140.51,K
Sarah De Herdt (1100 pics)/dsc01435.jpg,140.49,K
Sarah De Herdt (1100 pics)/dsc01921.jpg,140.48,K
Sarah De Herdt (1100 pics)/dsc00843.jpg,140.46,K
Sarah De Herdt (1100 pics)/dsc00155.jpg,140.41,K
Sarah De Herdt (1100 pics)/dsc04899.jpg,140.35,K
Sarah De Herdt (1100 pics)/dsc01554.jpg,140.34,K
Sarah De Herdt (1100 pics)/dsc00431.jpg,140.33,K
Sarah De Herdt (1100 pics)/dsc02833.jpg,140.2,K
Sarah De Herdt (1100 pics)/dsc02719.jpg,140.2,K
Sarah De Herdt (1100 pics)/dsc00167.jpg,140.17,K
Sarah De Herdt (1100 pics)/dsc02919.jpg,140,K
Sarah De Herdt (1100 pics)/dsc00718.jpg,139.99,K
Sarah De Herdt (1100 pics)/dsc00458.jpg,139.89,K
Sarah De Herdt (1100 pics)/dsc02121.jpg,139.79,K
Sarah De Herdt (1100 pics)/dsc01907.jpg,139.78,K
Sarah De Herdt (1100 pics)/dsc00368.jpg,139.75,K
Sarah De Herdt (1100 pics)/dsc02436.jpg,139.59,K
Sarah De Herdt (1100 pics)/dsc00329.jpg,139.58,K
Sarah De Herdt (1100 pics)/dsc00757.jpg,139.55,K
Sarah De Herdt (1100 pics)/dsc02871.jpg,139.49,K
Sarah De Herdt (1100 pics)/dsc01178.jpg,139.42,K
Sarah De Herdt (1100 pics)/dsc01401.jpg,139.41,K
Sarah De Herdt (1100 pics)/dsc01234.jpg,139.38,K
Sarah De Herdt (1100 pics)/dsc01040.jpg,139.32,K
Sarah De Herdt (1100 pics)/dsc00687.jpg,139.29,K
Sarah De Herdt (1100 pics)/dsc00508.jpg,139.25,K
Sarah De Herdt (1100 pics)/dsc00708.jpg,139.23,K
Sarah De Herdt (1100 pics)/dsc00664.jpg,139.2,K
Sarah De Herdt (1100 pics)/dsc00678.jpg,139.12,K
Sarah De Herdt (1100 pics)/dsc00662.jpg,139.04,K
Sarah De Herdt (1100 pics)/dsc02120.jpg,139.03,K
Sarah De Herdt (1100 pics)/dsc04180.jpg,138.99,K
Sarah De Herdt (1100 pics)/dsc01043.jpg,138.97,K
Sarah De Herdt (1100 pics)/dsc00686.jpg,138.93,K
Sarah De Herdt (1100 pics)/dsc00786.jpg,138.92,K
Sarah De Herdt (1100 pics)/dsc04176.jpg,138.87,K
Sarah De Herdt (1100 pics)/dsc00601.jpg,138.8,K
Sarah De Herdt (1100 pics)/dsc01131.jpg,138.8,K
Sarah De Herdt (1100 pics)/dsc01691.jpg,138.78,K
Sarah De Herdt (1100 pics)/dsc02158.jpg,138.74,K
Sarah De Herdt (1100 pics)/dsc00926.jpg,138.67,K
Sarah De Herdt (1100 pics)/dsc03452.jpg,138.61,K
Sarah De Herdt (1100 pics)/dsc00334.jpg,138.61,K
Sarah De Herdt (1100 pics)/dsc05322.jpg,138.6,K
Sarah De Herdt (1100 pics)/dsc00831.jpg,138.49,K
Sarah De Herdt (1100 pics)/dsc04570.jpg,138.3,K
Sarah De Herdt (1100 pics)/dsc01926.jpg,138.27,K
Sarah De Herdt (1100 pics)/dsc04677.jpg,138.26,K
Sarah De Herdt (1100 pics)/dsc02934.jpg,138.22,K
Sarah De Herdt (1100 pics)/dsc02117.jpg,138.21,K
Sarah De Herdt (1100 pics)/dsc04917.jpg,138.19,K
Sarah De Herdt (1100 pics)/dsc05354.jpg,138.17,K
Sarah De Herdt (1100 pics)/dsc04145.jpg,138.11,K
Sarah De Herdt (1100 pics)/dsc01250.jpg,137.98,K
Sarah De Herdt (1100 pics)/dsc01147.jpg,137.87,K
Sarah De Herdt (1100 pics)/dsc00901.jpg,137.79,K
Sarah De Herdt (1100 pics)/dsc02908.jpg,137.78,K
Sarah De Herdt (1100 pics)/dsc00750.jpg,137.76,K
Sarah De Herdt (1100 pics)/dsc00921.jpg,137.73,K
Sarah De Herdt (1100 pics)/dsc02397.jpg,137.72,K
Sarah De Herdt (1100 pics)/dsc00864.jpg,137.7,K
Sarah De Herdt (1100 pics)/dsc00460.jpg,137.67,K
Sarah De Herdt (1100 pics)/dsc05112.jpg,137.62,K
Sarah De Herdt (1100 pics)/dsc01268.jpg,137.59,K
Sarah De Herdt (1100 pics)/dsc01029.jpg,137.57,K
Sarah De Herdt (1100 pics)/dsc04202.jpg,137.49,K
Sarah De Herdt (1100 pics)/dsc00148.jpg,137.49,K
Sarah De Herdt (1100 pics)/dsc00845.jpg,137.48,K
Sarah De Herdt (1100 pics)/dsc00903.jpg,137.47,K
Sarah De Herdt (1100 pics)/dsc00328.jpg,137.45,K
Sarah De Herdt (1100 pics)/dsc01698.jpg,137.42,K
Sarah De Herdt (1100 pics)/dsc00665.jpg,137.27,K
Sarah De Herdt (1100 pics)/dsc01280.jpg,137.15,K
Sarah De Herdt (1100 pics)/dsc00152.jpg,137.1,K
Sarah De Herdt (1100 pics)/dsc00749.jpg,137.02,K
Sarah De Herdt (1100 pics)/dsc00470.jpg,136.99,K
Sarah De Herdt (1100 pics)/dsc00402.jpg,136.91,K
Sarah De Herdt (1100 pics)/dsc01115.jpg,136.91,K
Sarah De Herdt (1100 pics)/dsc00709.jpg,136.86,K
Sarah De Herdt (1100 pics)/dsc04974.jpg,136.72,K
Sarah De Herdt (1100 pics)/dsc04855.jpg,136.61,K
Sarah De Herdt (1100 pics)/dsc00711.jpg,136.46,K
Sarah De Herdt (1100 pics)/dsc00927.jpg,136.38,K
Sarah De Herdt (1100 pics)/dsc00841.jpg,136.35,K
Sarah De Herdt (1100 pics)/dsc01114.jpg,136.3,K
Sarah De Herdt (1100 pics)/dsc03542.jpg,136.29,K
Sarah De Herdt (1100 pics)/dsc01266.jpg,136.28,K
Sarah De Herdt (1100 pics)/dsc00432.jpg,136.27,K
Sarah De Herdt (1100 pics)/dsc04938.jpg,136.25,K
Sarah De Herdt (1100 pics)/dsc04932.jpg,136.24,K
Sarah De Herdt (1100 pics)/dsc04137.jpg,136.23,K
Sarah De Herdt (1100 pics)/dsc01037.jpg,136.22,K
Sarah De Herdt (1100 pics)/dsc00761.jpg,136.17,K
Sarah De Herdt (1100 pics)/dsc04376.jpg,136.11,K
Sarah De Herdt (1100 pics)/dsc01202.jpg,136.07,K
Sarah De Herdt (1100 pics)/dsc00895.jpg,135.97,K
Sarah De Herdt (1100 pics)/dsc01177.jpg,135.97,K
Sarah De Herdt (1100 pics)/dsc02380.jpg,135.76,K
Sarah De Herdt (1100 pics)/dsc00677.jpg,135.72,K
Sarah De Herdt (1100 pics)/dsc04086.jpg,135.57,K
Sarah De Herdt (1100 pics)/dsc00853.jpg,135.31,K
Sarah De Herdt (1100 pics)/dsc00712.jpg,135.3,K
Sarah De Herdt (1100 pics)/dsc04133.jpg,135.2,K
Sarah De Herdt (1100 pics)/dsc00738.jpg,135.19,K
Sarah De Herdt (1100 pics)/dsc01180.jpg,135.16,K
Sarah De Herdt (1100 pics)/dsc05227.jpg,135.08,K
Sarah De Herdt (1100 pics)/dsc00936.jpg,134.97,K
Sarah De Herdt (1100 pics)/dsc01843.jpg,134.92,K
Sarah De Herdt (1100 pics)/dsc04152.jpg,134.92,K
Sarah De Herdt (1100 pics)/dsc02904.jpg,134.73,K
Sarah De Herdt (1100 pics)/dsc01787.jpg,134.69,K
Sarah De Herdt (1100 pics)/dsc00680.jpg,134.6,K
Sarah De Herdt (1100 pics)/dsc00688.jpg,134.59,K
Sarah De Herdt (1100 pics)/dsc00772.jpg,134.56,K
Sarah De Herdt (1100 pics)/dsc03151.jpg,134.55,K
Sarah De Herdt (1100 pics)/dsc00437.jpg,134.52,K
Sarah De Herdt (1100 pics)/dsc01809.jpg,134.43,K
Sarah De Herdt (1100 pics)/dsc00681.jpg,134.4,K
Sarah De Herdt (1100 pics)/dsc00356.jpg,134.36,K
Sarah De Herdt (1100 pics)/dsc00606.jpg,134.25,K
Sarah De Herdt (1100 pics)/dsc01027.jpg,134.22,K
Sarah De Herdt (1100 pics)/dsc01198.jpg,134.13,K
Sarah De Herdt (1100 pics)/dsc00568.jpg,134.06,K
Sarah De Herdt (1100 pics)/dsc03586.jpg,134.05,K
Sarah De Herdt (1100 pics)/dsc01255.jpg,133.95,K
Sarah De Herdt (1100 pics)/dsc03917.jpg,133.92,K
Sarah De Herdt (1100 pics)/dsc04071.jpg,133.82,K
Sarah De Herdt (1100 pics)/dsc04931.jpg,133.82,K
Sarah De Herdt (1100 pics)/dsc00567.jpg,133.78,K
Sarah De Herdt (1100 pics)/dsc03595.jpg,133.76,K
Sarah De Herdt (1100 pics)/dsc01677.jpg,133.74,K
Sarah De Herdt (1100 pics)/dsc01213.jpg,133.72,K
Sarah De Herdt (1100 pics)/dsc00439.jpg,133.69,K
Sarah De Herdt (1100 pics)/dsc00463.jpg,133.68,K
Sarah De Herdt (1100 pics)/dsc00417.jpg,133.58,K
Sarah De Herdt (1100 pics)/dsc05317.jpg,133.49,K
Sarah De Herdt (1100 pics)/dsc04110.jpg,133.48,K
Sarah De Herdt (1100 pics)/dsc00128.jpg,133.4,K
Sarah De Herdt (1100 pics)/dsc01889.jpg,133.2,K
Sarah De Herdt (1100 pics)/dsc00768.jpg,133.16,K
Sarah De Herdt (1100 pics)/dsc00457.jpg,133.16,K
Sarah De Herdt (1100 pics)/dsc00338.jpg,132.99,K
Sarah De Herdt (1100 pics)/dsc00925.jpg,132.79,K
Sarah De Herdt (1100 pics)/dsc01436.jpg,132.68,K
Sarah De Herdt (1100 pics)/dsc00842.jpg,132.67,K
Sarah De Herdt (1100 pics)/dsc00443.jpg,132.63,K
Sarah De Herdt (1100 pics)/dsc00882.jpg,132.63,K
Sarah De Herdt (1100 pics)/dsc00642.jpg,132.52,K
Sarah De Herdt (1100 pics)/dsc01810.jpg,132.19,K
Sarah De Herdt (1100 pics)/dsc02900.jpg,132.15,K
Sarah De Herdt (1100 pics)/dsc00847.jpg,132.04,K
Sarah De Herdt (1100 pics)/dsc00988.jpg,131.99,K
Sarah De Herdt (1100 pics)/dsc00429.jpg,131.87,K
Sarah De Herdt (1100 pics)/dsc01160.jpg,131.83,K
Sarah De Herdt (1100 pics)/dsc00892.jpg,131.78,K
Sarah De Herdt (1100 pics)/dsc00615.jpg,131.7,K
Sarah De Herdt (1100 pics)/dsc01089.jpg,131.54,K
Sarah De Herdt (1100 pics)/dsc01219.jpg,131.53,K
Sarah De Herdt (1100 pics)/dsc01823.jpg,131.45,K
Sarah De Herdt (1100 pics)/dsc00820.jpg,131.41,K
Sarah De Herdt (1100 pics)/dsc00671.jpg,131.39,K
Sarah De Herdt (1100 pics)/dsc04902.jpg,131.39,K
Sarah De Herdt (1100 pics)/dsc00945.jpg,131.3,K
Sarah De Herdt (1100 pics)/dsc02576.jpg,131.29,K
Sarah De Herdt (1100 pics)/dsc01182.jpg,131.29,K
Sarah De Herdt (1100 pics)/dsc00983.jpg,131.25,K
Sarah De Herdt (1100 pics)/dsc00613.jpg,131.24,K
Sarah De Herdt (1100 pics)/dsc00922.jpg,131.21,K
Sarah De Herdt (1100 pics)/dsc01238.jpg,131.13,K
Sarah De Herdt (1100 pics)/dsc00743.jpg,131.07,K
Sarah De Herdt (1100 pics)/dsc03887.jpg,131.04,K
Sarah De Herdt (1100 pics)/dsc01146.jpg,131,K
Sarah De Herdt (1100 pics)/dsc04876.jpg,130.98,K
Sarah De Herdt (1100 pics)/dsc01044.jpg,130.87,K
Sarah De Herdt (1100 pics)/dsc00465.jpg,130.86,K
Sarah De Herdt (1100 pics)/dsc00861.jpg,130.83,K
Sarah De Herdt (1100 pics)/dsc04118.jpg,130.8,K
Sarah De Herdt (1100 pics)/dsc01173.jpg,130.79,K
Sarah De Herdt (1100 pics)/dsc00987.jpg,130.55,K
Sarah De Herdt (1100 pics)/dsc04085.jpg,130.54,K
Sarah De Herdt (1100 pics)/dsc02034.jpg,130.44,K
Sarah De Herdt (1100 pics)/dsc01138.jpg,130.39,K
Sarah De Herdt (1100 pics)/dsc04877.jpg,130.21,K
Sarah De Herdt (1100 pics)/dsc00773.jpg,130.05,K
Sarah De Herdt (1100 pics)/dsc03453.jpg,129.98,K
Sarah De Herdt (1100 pics)/dsc01172.jpg,129.72,K
Sarah De Herdt (1100 pics)/dsc01235.jpg,129.71,K
Sarah De Herdt (1100 pics)/dsc01240.jpg,129.68,K
Sarah De Herdt (1100 pics)/dsc00877.jpg,129.68,K
Sarah De Herdt (1100 pics)/dsc00150.jpg,129.59,K
Sarah De Herdt (1100 pics)/dsc01021.jpg,129.56,K
Sarah De Herdt (1100 pics)/dsc01039.jpg,129.45,K
Sarah De Herdt (1100 pics)/dsc03592.jpg,129.41,K
Sarah De Herdt (1100 pics)/dsc01196.jpg,129.17,K
Sarah De Herdt (1100 pics)/dsc00869.jpg,129.14,K
Sarah De Herdt (1100 pics)/dsc00522.jpg,128.98,K
Sarah De Herdt (1100 pics)/dsc00868.jpg,128.94,K
Sarah De Herdt (1100 pics)/dsc00769.jpg,128.8,K
Sarah De Herdt (1100 pics)/dsc00865.jpg,128.6,K
Sarah De Herdt (1100 pics)/dsc01174.jpg,128.57,K
Sarah De Herdt (1100 pics)/dsc01186.jpg,128.52,K
Sarah De Herdt (1100 pics)/dsc00893.jpg,128.43,K
Sarah De Herdt (1100 pics)/dsc02272.jpg,127.99,K
Sarah De Herdt (1100 pics)/dsc02249.jpg,127.91,K
Sarah De Herdt (1100 pics)/dsc01046.jpg,127.84,K
Sarah De Herdt (1100 pics)/dsc02221.jpg,127.73,K
Sarah De Herdt (1100 pics)/dsc00920.jpg,127.72,K
Sarah De Herdt (1100 pics)/dsc01398.jpg,127.63,K
Sarah De Herdt (1100 pics)/dsc00957.jpg,127.56,K
Sarah De Herdt (1100 pics)/dsc00840.jpg,127.54,K
Sarah De Herdt (1100 pics)/dsc00923.jpg,127.36,K
Sarah De Herdt (1100 pics)/dsc00763.jpg,126.67,K
Sarah De Herdt (1100 pics)/dsc00321.jpg,126.67,K
Sarah De Herdt (1100 pics)/dsc00824.jpg,126.67,K
Sarah De Herdt (1100 pics)/dsc01818.jpg,126.43,K
Sarah De Herdt (1100 pics)/dsc00762.jpg,126.33,K
Sarah De Herdt (1100 pics)/dsc00822.jpg,125.85,K
Sarah De Herdt (1100 pics)/dsc01786.jpg,125.17,K
Sarah De Herdt (1100 pics)/dsc01073.jpg,125.06,K
Sarah De Herdt (1100 pics)/dsc00894.jpg,125,K
Sarah De Herdt (1100 pics)/dsc00891.jpg,124.75,K
Sarah De Herdt (1100 pics)/dsc04577.jpg,124.74,K
Sarah De Herdt (1100 pics)/dsc00889.jpg,124.74,K
Sarah De Herdt (1100 pics)/dsc02590.jpg,124.68,K
Sarah De Herdt (1100 pics)/dsc02222.jpg,124.62,K
Sarah De Herdt (1100 pics)/dsc01239.jpg,124.54,K
Sarah De Herdt (1100 pics)/dsc00974.jpg,124.46,K
Sarah De Herdt (1100 pics)/dsc02492.jpg,124.29,K
Sarah De Herdt (1100 pics)/dsc00973.jpg,124,K
Sarah De Herdt (1100 pics)/dsc02358.jpg,123.74,K
Sarah De Herdt (1100 pics)/dsc00890.jpg,123.33,K
Sarah De Herdt (1100 pics)/dsc01139.jpg,123.21,K
Sarah De Herdt (1100 pics)/dsc01212.jpg,123.05,K
Sarah De Herdt (1100 pics)/dsc01197.jpg,122.83,K
Sarah De Herdt (1100 pics)/dsc01820.jpg,122.46,K
Sarah De Herdt (1100 pics)/dsc00733.jpg,119.77,K
Sarah De Herdt (1100 pics)/dsc01270.jpg,119.61,K
Sarah De Herdt (1100 pics)/dsc00784.jpg,119.4,K
Sarah De Herdt (1100 pics)/dsc00819.jpg,119.08,K
Sarah De Herdt (1100 pics)/dsc00099.jpg,118.92,K
Sarah De Herdt (1100 pics)/dsc00739.jpg,118.77,K
Sarah De Herdt (1100 pics)/dsc02406.jpg,118.63,K
Sarah De Herdt (1100 pics)/dsc04156.jpg,117.77,K
Sarah De Herdt (1100 pics)/dsc02869.jpg,116.81,K
Sarah De Herdt (1100 pics)/dsc00746.jpg,116.66,K
Sarah De Herdt (1100 pics)/dsc00782.jpg,116.63,K
Sarah De Herdt (1100 pics)/dsc03044.jpg,116.09,K
Sarah De Herdt (1100 pics)/dsc00574.jpg,114.96,K
Sarah De Herdt (1100 pics)/dsc00170.jpg,114.27,K
Sarah De Herdt (1100 pics)/dsc00817.jpg,113.33,K
Sarah De Herdt (1100 pics)/dsc03048.jpg,112.78,K
Sarah De Herdt (1100 pics)/dsc04782.jpg,112.72,K
Sarah De Herdt (1100 pics)/dsc00771.jpg,112.04,K
Sarah De Herdt (1100 pics)/dsc01890.jpg,111.74,K
Sarah De Herdt (1100 pics)/dsc00231.jpg,111.72,K
Sarah De Herdt (1100 pics)/dsc04143.jpg,111.38,K
Sarah De Herdt (1100 pics)/dsc02041.jpg,109.59,K
Sarah De Herdt (1100 pics)/dsc01143.jpg,109.47,K
Sarah De Herdt (1100 pics)/dsc03788.jpg,109.44,K
Sarah De Herdt (1100 pics)/dsc01242.jpg,105.97,K
Sarah De Herdt (1100 pics)/dsc02994.jpg,105.6,K
Sarah De Herdt (1100 pics)/dsc02040.jpg,105.13,K
Sarah De Herdt (1100 pics)/dsc03748.jpg,104.91,K
Sarah De Herdt (1100 pics)/dsc04375.jpg,104.76,K
Sarah De Herdt (1100 pics)/dsc02275.jpg,104.32,K
Sarah De Herdt (1100 pics)/dsc03619.jpg,103.95,K
Sarah De Herdt (1100 pics)/dsc02368.jpg,103.36,K
Sarah De Herdt (1100 pics)/dsc02707.jpg,102.95,K
Sarah De Herdt (1100 pics)/dsc01981.jpg,102.9,K
Sarah De Herdt (1100 pics)/dsc00132.jpg,102.38,K
Sarah De Herdt (1100 pics)/dsc00116.jpg,102.01,K
Sarah De Herdt (1100 pics)/dsc04633.jpg,101.76,K
Sarah De Herdt (1100 pics)/dsc02544.jpg,101.7,K
Sarah De Herdt (1100 pics)/dsc02498.jpg,101.65,K
Sarah De Herdt (1100 pics)/dsc02767.jpg,101.63,K
Sarah De Herdt (1100 pics)/dsc03042.jpg,101.03,K
Sarah De Herdt (1100 pics)/dsc02284.jpg,101.01,K
Sarah De Herdt (1100 pics)/dsc02522.jpg,100.86,K
Sarah De Herdt (1100 pics)/dsc02909.jpg,100.72,K
Sarah De Herdt (1100 pics)/dsc03738.jpg,100.65,K
Sarah De Herdt (1100 pics)/dsc02708.jpg,100.3,K
Sarah De Herdt (1100 pics)/dsc02997.jpg,100.23,K
Sarah De Herdt (1100 pics)/dsc02502.jpg,99.72,K
Sarah De Herdt (1100 pics)/dsc03047.jpg,99.5,K
Sarah De Herdt (1100 pics)/dsc02769.jpg,98.85,K
Sarah De Herdt (1100 pics)/dsc02840.jpg,98.63,K
Sarah De Herdt (1100 pics)/dsc03411.jpg,98.53,K
Sarah De Herdt (1100 pics)/dsc04726.jpg,98.29,K
Sarah De Herdt (1100 pics)/dsc02768.jpg,97.84,K
Sarah De Herdt (1100 pics)/dsc03068.jpg,97.74,K
Sarah De Herdt (1100 pics)/dsc02866.jpg,97.7,K
Sarah De Herdt (1100 pics)/dsc00147.jpg,97.22,K
Sarah De Herdt (1100 pics)/dsc02870.jpg,96.35,K
Sarah De Herdt (1100 pics)/dsc02496.jpg,96.34,K
Sarah De Herdt (1100 pics)/dsc02867.jpg,96.28,K
Sarah De Herdt (1100 pics)/dsc01660.jpg,96.23,K
Sarah De Herdt (1100 pics)/dsc01446.jpg,95.91,K
Sarah De Herdt (1100 pics)/dsc04725.jpg,95.33,K
Sarah De Herdt (1100 pics)/dsc03919.jpg,94.81,K
Sarah De Herdt (1100 pics)/dsc04712.jpg,94.31,K
Sarah De Herdt (1100 pics)/dsc04928.jpg,94.3,K
Sarah De Herdt (1100 pics)/dsc01963.jpg,94.2,K
Sarah De Herdt (1100 pics)/dsc01965.jpg,94,K
Sarah De Herdt (1100 pics)/dsc01945.jpg,93.85,K
Sarah De Herdt (1100 pics)/dsc03929.jpg,93.63,K
Sarah De Herdt (1100 pics)/dsc03067.jpg,93.09,K
Sarah De Herdt (1100 pics)/dsc01011.jpg,92.71,K
Sarah De Herdt (1100 pics)/dsc02868.jpg,92.35,K
Sarah De Herdt (1100 pics)/dsc02274.jpg,92.21,K
Sarah De Herdt (1100 pics)/dsc00129.jpg,92.21,K
Sarah De Herdt (1100 pics)/dsc02546.jpg,92.17,K
Sarah De Herdt (1100 pics)/dsc03735.jpg,91.92,K
Sarah De Herdt (1100 pics)/sarah_de_herdt_01.jpg,91.77,K
Sarah De Herdt (1100 pics)/dsc01962.jpg,91.76,K
Sarah De Herdt (1100 pics)/dsc04829.jpg,91.68,K
Sarah De Herdt (1100 pics)/dsc00956.jpg,91.55,K
Sarah De Herdt (1100 pics)/dsc02553.jpg,90.65,K
Sarah De Herdt (1100 pics)/dsc02920.jpg,90.58,K
Sarah De Herdt (1100 pics)/dsc02865.jpg,90.45,K
Sarah De Herdt (1100 pics)/dsc01629.jpg,90.04,K
Sarah De Herdt (1100 pics)/dsc03622.jpg,89.89,K
Sarah De Herdt (1100 pics)/dsc03741.jpg,89.84,K
Sarah De Herdt (1100 pics)/dsc02550.jpg,89.66,K
Sarah De Herdt (1100 pics)/dsc03464.jpg,89.57,K
Sarah De Herdt (1100 pics)/dsc03747.jpg,89.23,K
Sarah De Herdt (1100 pics)/dsc00162.jpg,89.13,K
Sarah De Herdt (1100 pics)/dsc01006.jpg,89.05,K
Sarah De Herdt (1100 pics)/dsc02273.jpg,88.78,K
Sarah De Herdt (1100 pics)/dsc04674.jpg,88.42,K
Sarah De Herdt (1100 pics)/dsc02276.jpg,87.42,K
Sarah De Herdt (1100 pics)/dsc02756.jpg,87.37,K
Sarah De Herdt (1100 pics)/dsc02545.jpg,87.24,K
Sarah De Herdt (1100 pics)/dsc02721.jpg,87.22,K
Sarah De Herdt (1100 pics)/dsc02607.jpg,87.12,K
Sarah De Herdt (1100 pics)/dsc03910.jpg,86.74,K
Sarah De Herdt (1100 pics)/dsc02864.jpg,86.31,K
Sarah De Herdt (1100 pics)/dsc02611.jpg,86.3,K
Sarah De Herdt (1100 pics)/dsc03912.jpg,86.23,K
Sarah De Herdt (1100 pics)/dsc03956.jpg,85.92,K
Sarah De Herdt (1100 pics)/dsc01894.jpg,85.87,K
Sarah De Herdt (1100 pics)/dsc00963.jpg,85.82,K
Sarah De Herdt (1100 pics)/dsc03911.jpg,85.46,K
Sarah De Herdt (1100 pics)/dsc02102.jpg,85.26,K
Sarah De Herdt (1100 pics)/dsc02223.jpg,85.24,K
Sarah De Herdt (1100 pics)/dsc02848.jpg,85.21,K
Sarah De Herdt (1100 pics)/dsc03899.jpg,84.76,K
Sarah De Herdt (1100 pics)/dsc01978.jpg,84.28,K
Sarah De Herdt (1100 pics)/dsc02849.jpg,84.17,K
Sarah De Herdt (1100 pics)/dsc01007.jpg,84.1,K
Sarah De Herdt (1100 pics)/dsc04826.jpg,83.54,K
Sarah De Herdt (1100 pics)/dsc01503.jpg,82.96,K
Sarah De Herdt (1100 pics)/dsc03934.jpg,82.16,K
Sarah De Herdt (1100 pics)/dsc03898.jpg,82.01,K
Sarah De Herdt (1100 pics)/dsc01966.jpg,81.73,K
Sarah De Herdt (1100 pics)/dsc04669.jpg,81.69,K
Sarah De Herdt (1100 pics)/dsc02948.jpg,81.6,K
Sarah De Herdt (1100 pics)/dsc01647.jpg,81.28,K
Sarah De Herdt (1100 pics)/dsc03927.jpg,81.07,K
Sarah De Herdt (1100 pics)/dsc00056.jpg,81.04,K
Sarah De Herdt (1100 pics)/dsc03069.jpg,80.84,K
Sarah De Herdt (1100 pics)/dsc01650.jpg,80.71,K
Sarah De Herdt (1100 pics)/dsc05219.jpg,80.34,K
Sarah De Herdt (1100 pics)/dsc03900.jpg,80.17,K
Sarah De Herdt (1100 pics)/dsc02921.jpg,79.94,K
Sarah De Herdt (1100 pics)/dsc02704.jpg,79.58,K
Sarah De Herdt (1100 pics)/dsc01016.jpg,79.5,K
Sarah De Herdt (1100 pics)/dsc00068.jpg,79.46,K
Sarah De Herdt (1100 pics)/dsc02612.jpg,79.21,K
Sarah De Herdt (1100 pics)/dsc02428.jpg,79.08,K
Sarah De Herdt (1100 pics)/dsc03892.jpg,78.9,K
Sarah De Herdt (1100 pics)/dsc02617.jpg,78.67,K
Sarah De Herdt (1100 pics)/dsc01015.jpg,78.53,K
Sarah De Herdt (1100 pics)/dsc02282.jpg,78.5,K
Sarah De Herdt (1100 pics)/dsc00057.jpg,78.2,K
Sarah De Herdt (1100 pics)/dsc02705.jpg,78.15,K
Sarah De Herdt (1100 pics)/dsc02614.jpg,78.12,K
Sarah De Herdt (1100 pics)/dsc04864.jpg,77.51,K
Sarah De Herdt (1100 pics)/dsc00961.jpg,77.02,K
Sarah De Herdt (1100 pics)/dsc02706.jpg,76.85,K
Sarah De Herdt (1100 pics)/dsc00209.jpg,76.76,K
Sarah De Herdt (1100 pics)/dsc02426.jpg,76.55,K
Sarah De Herdt (1100 pics)/dsc02518.jpg,76.45,K
Sarah De Herdt (1100 pics)/dsc00210.jpg,76.4,K
Sarah De Herdt (1100 pics)/dsc00206.jpg,76.08,K
Sarah De Herdt (1100 pics)/dsc03225.jpg,75.53,K
Sarah De Herdt (1100 pics)/dsc02114.jpg,75.42,K
Sarah De Herdt (1100 pics)/dsc02430.jpg,74.88,K
Sarah De Herdt (1100 pics)/dsc02085.jpg,74.71,K
Sarah De Herdt (1100 pics)/dsc00060.jpg,74.6,K
Sarah De Herdt (1100 pics)/dsc02421.jpg,74.58,K
Sarah De Herdt (1100 pics)/dsc01003.jpg,74.33,K
Sarah De Herdt (1100 pics)/dsc00052.jpg,74.22,K
Sarah De Herdt (1100 pics)/dsc00137.jpg,74.09,K
Sarah De Herdt (1100 pics)/dsc01976.jpg,73.76,K
Sarah De Herdt (1100 pics)/dsc05352.jpg,73.59,K
Sarah De Herdt (1100 pics)/dsc02861.jpg,73.56,K
Sarah De Herdt (1100 pics)/dsc01979.jpg,73.46,K
Sarah De Herdt (1100 pics)/dsc02104.jpg,73.44,K
Sarah De Herdt (1100 pics)/dsc04540.jpg,73,K
Sarah De Herdt (1100 pics)/dsc03977.jpg,72.98,K
Sarah De Herdt (1100 pics)/dsc04049.jpg,72.91,K
Sarah De Herdt (1100 pics)/dsc01018.jpg,72.61,K
Sarah De Herdt (1100 pics)/dsc01737.jpg,72.59,K
Sarah De Herdt (1100 pics)/dsc00048.jpg,72.44,K
Sarah De Herdt (1100 pics)/dsc03913.jpg,72.21,K
Sarah De Herdt (1100 pics)/dsc02531.jpg,72.19,K
Sarah De Herdt (1100 pics)/dsc00954.jpg,72.11,K
Sarah De Herdt (1100 pics)/dsc01968.jpg,71.82,K
Sarah De Herdt (1100 pics)/dsc01972.jpg,71.81,K
Sarah De Herdt (1100 pics)/dsc05348.jpg,71.06,K
Sarah De Herdt (1100 pics)/dsc00970.jpg,70.88,K
Sarah De Herdt (1100 pics)/dsc04839.jpg,70.66,K
Sarah De Herdt (1100 pics)/dsc02580.jpg,70.6,K
Sarah De Herdt (1100 pics)/dsc02044.jpg,70.44,K
Sarah De Herdt (1100 pics)/dsc01851.jpg,70.19,K
Sarah De Herdt (1100 pics)/dsc03781.jpg,70.17,K
Sarah De Herdt (1100 pics)/dsc04051.jpg,70.15,K
Sarah De Herdt (1100 pics)/dsc00050.jpg,69.58,K
Sarah De Herdt (1100 pics)/dsc03481.jpg,69.34,K
Sarah De Herdt (1100 pics)/dsc00062.jpg,69.14,K
Sarah De Herdt (1100 pics)/dsc02754.jpg,69.07,K
Sarah De Herdt (1100 pics)/dsc00065.jpg,68.89,K
Sarah De Herdt (1100 pics)/dsc04833.jpg,68.73,K
Sarah De Herdt (1100 pics)/dsc02851.jpg,68.18,K
Sarah De Herdt (1100 pics)/dsc00063.jpg,68.1,K
Sarah De Herdt (1100 pics)/dsc03891.jpg,67.8,K
Sarah De Herdt (1100 pics)/dsc00113.jpg,67.65,K
Sarah De Herdt (1100 pics)/dsc04845.jpg,67.64,K
Sarah De Herdt (1100 pics)/dsc02722.jpg,67.38,K
Sarah De Herdt (1100 pics)/dsc04842.jpg,67.18,K
Sarah De Herdt (1100 pics)/dsc00959.jpg,67.17,K
Sarah De Herdt (1100 pics)/dsc03939.jpg,67.08,K
Sarah De Herdt (1100 pics)/dsc02422.jpg,67.03,K
Sarah De Herdt (1100 pics)/dsc00509.jpg,66.72,K
Sarah De Herdt (1100 pics)/dsc03766.jpg,66.61,K
Sarah De Herdt (1100 pics)/dsc01497.jpg,66.46,K
Sarah De Herdt (1100 pics)/dsc01973.jpg,66.27,K
Sarah De Herdt (1100 pics)/dsc02905.jpg,66.23,K
Sarah De Herdt (1100 pics)/dsc02515.jpg,66.21,K
Sarah De Herdt (1100 pics)/dsc03968.jpg,66.07,K
Sarah De Herdt (1100 pics)/dsc01473.jpg,65.84,K
Sarah De Herdt (1100 pics)/dsc04714.jpg,65.65,K
Sarah De Herdt (1100 pics)/dsc01500.jpg,65.47,K
Sarah De Herdt (1100 pics)/dsc01498.jpg,65.4,K
Sarah De Herdt (1100 pics)/dsc04846.jpg,65.26,K
Sarah De Herdt (1100 pics)/dsc00053.jpg,65.05,K
Sarah De Herdt (1100 pics)/dsc02599.jpg,64.88,K
Sarah De Herdt (1100 pics)/dsc00061.jpg,64.85,K
Sarah De Herdt (1100 pics)/dsc00404.jpg,64.84,K
Sarah De Herdt (1100 pics)/dsc01975.jpg,64.79,K
Sarah De Herdt (1100 pics)/dsc03767.jpg,64.73,K
Sarah De Herdt (1100 pics)/dsc01393.jpg,64.3,K
Sarah De Herdt (1100 pics)/dsc01802.jpg,63.78,K
Sarah De Herdt (1100 pics)/dsc05349.jpg,63.58,K
Sarah De Herdt (1100 pics)/dsc02862.jpg,63.58,K
Sarah De Herdt (1100 pics)/dsc01801.jpg,63.51,K
Sarah De Herdt (1100 pics)/dsc04858.jpg,63.47,K
Sarah De Herdt (1100 pics)/dsc02899.jpg,63.43,K
Sarah De Herdt (1100 pics)/dsc01459.jpg,63.24,K
Sarah De Herdt (1100 pics)/dsc03490.jpg,62.99,K
Sarah De Herdt (1100 pics)/dsc01798.jpg,62.95,K
Sarah De Herdt (1100 pics)/dsc02107.jpg,62.9,K
Sarah De Herdt (1100 pics)/dsc05383.jpg,62.84,K
Sarah De Herdt (1100 pics)/dsc01736.jpg,62.84,K
Sarah De Herdt (1100 pics)/dsc02110.jpg,62.76,K
Sarah De Herdt (1100 pics)/dsc00043.jpg,62.69,K
Sarah De Herdt (1100 pics)/dsc01793.jpg,62.3,K
Sarah De Herdt (1100 pics)/dsc01693.jpg,62.19,K
Sarah De Herdt (1100 pics)/dsc00120.jpg,61.02,K
Sarah De Herdt (1100 pics)/dsc03483.jpg,60.8,K
Sarah De Herdt (1100 pics)/dsc02431.jpg,60.71,K
Sarah De Herdt (1100 pics)/dsc03945.jpg,60.3,K
Sarah De Herdt (1100 pics)/dsc03774.jpg,60.26,K
Sarah De Herdt (1100 pics)/dsc00070.jpg,60.23,K
Sarah De Herdt (1100 pics)/dsc01686.jpg,60.17,K
Sarah De Herdt (1100 pics)/dsc00951.jpg,60.16,K
Sarah De Herdt (1100 pics)/dsc04718.jpg,59.98,K
Sarah De Herdt (1100 pics)/dsc04878.jpg,59.74,K
Sarah De Herdt (1100 pics)/dsc03488.jpg,59.69,K
Sarah De Herdt (1100 pics)/dsc02424.jpg,59.06,K
Sarah De Herdt (1100 pics)/dsc02395.jpg,58.98,K
Sarah De Herdt (1100 pics)/dsc03204.jpg,58.97,K
Sarah De Herdt (1100 pics)/dsc00948.jpg,58.91,K
Sarah De Herdt (1100 pics)/dsc02623.jpg,58.84,K
Sarah De Herdt (1100 pics)/dsc04980.jpg,58.69,K
Sarah De Herdt (1100 pics)/dsc02111.jpg,58.23,K
Sarah De Herdt (1100 pics)/dsc03480.jpg,58.18,K
Sarah De Herdt (1100 pics)/sarah_de_herdt_00.jpg,58.17,K
Sarah De Herdt (1100 pics)/dsc05362.jpg,58.14,K
Sarah De Herdt (1100 pics)/dsc03779.jpg,58.06,K
Sarah De Herdt (1100 pics)/dsc01396.jpg,58.01,K
Sarah De Herdt (1100 pics)/dsc03502.jpg,57.91,K
Sarah De Herdt (1100 pics)/dsc02080.jpg,57.81,K
Sarah De Herdt (1100 pics)/dsc05397.jpg,57.51,K
Sarah De Herdt (1100 pics)/dsc00531.jpg,57.37,K
Sarah De Herdt (1100 pics)/dsc02619.jpg,57.07,K
Sarah De Herdt (1100 pics)/dsc04477.jpg,57.02,K
Sarah De Herdt (1100 pics)/dsc01392.jpg,57.02,K
Sarah De Herdt (1100 pics)/dsc01468.jpg,56.82,K
Sarah De Herdt (1100 pics)/dsc02929.jpg,56.48,K
Sarah De Herdt (1100 pics)/dsc03499.jpg,56.38,K
Sarah De Herdt (1100 pics)/dsc00073.jpg,56.37,K
Sarah De Herdt (1100 pics)/dsc01525.jpg,56.34,K
Sarah De Herdt (1100 pics)/dsc02314.jpg,56.28,K
Sarah De Herdt (1100 pics)/dsc05388.jpg,56.18,K
Sarah De Herdt (1100 pics)/dsc05398.jpg,56.1,K
Sarah De Herdt (1100 pics)/dsc01005.jpg,56.1,K
Sarah De Herdt (1100 pics)/dsc05351.jpg,55.84,K
Sarah De Herdt (1100 pics)/dsc00949.jpg,55.84,K
Sarah De Herdt (1100 pics)/dsc03777.jpg,55.76,K
Sarah De Herdt (1100 pics)/dsc03486.jpg,55.72,K
Sarah De Herdt (1100 pics)/dsc03501.jpg,55.65,K
Sarah De Herdt (1100 pics)/dsc04123.jpg,55.64,K
Sarah De Herdt (1100 pics)/dsc02173.jpg,55.42,K
Sarah De Herdt (1100 pics)/dsc00075.jpg,55.34,K
Sarah De Herdt (1100 pics)/dsc04812.jpg,55.09,K
Sarah De Herdt (1100 pics)/dsc03587.jpg,55.06,K
Sarah De Herdt (1100 pics)/dsc00477.jpg,55.04,K
Sarah De Herdt (1100 pics)/dsc00507.jpg,54.83,K
Sarah De Herdt (1100 pics)/dsc04501.jpg,54.81,K
Sarah De Herdt (1100 pics)/dsc04100.jpg,54.62,K
Sarah De Herdt (1100 pics)/dsc02095.jpg,54.6,K
Sarah De Herdt (1100 pics)/sarah_de_herdt_07.jpg,54.45,K
Sarah De Herdt (1100 pics)/dsc05350.jpg,54.31,K
Sarah De Herdt (1100 pics)/dsc00487.jpg,54.1,K
Sarah De Herdt (1100 pics)/dsc03205.jpg,53.95,K
Sarah De Herdt (1100 pics)/dsc03491.jpg,53.92,K
Sarah De Herdt (1100 pics)/dsc00071.jpg,53.92,K
Sarah De Herdt (1100 pics)/dsc03492.jpg,53.83,K
Sarah De Herdt (1100 pics)/dsc01443.jpg,53.66,K
Sarah De Herdt (1100 pics)/dsc01470.jpg,53.64,K
Sarah De Herdt (1100 pics)/dsc01448.jpg,53.62,K
Sarah De Herdt (1100 pics)/dsc01813.jpg,53.61,K
Sarah De Herdt (1100 pics)/dsc01716.jpg,53.43,K
Sarah De Herdt (1100 pics)/dsc00158.jpg,53.34,K
Sarah De Herdt (1100 pics)/dsc03494.jpg,53.29,K
Sarah De Herdt (1100 pics)/dsc02315.jpg,53.28,K
Sarah De Herdt (1100 pics)/dsc02233.jpg,53.12,K
Sarah De Herdt (1100 pics)/dsc03584.jpg,53,K
Sarah De Herdt (1100 pics)/dsc02639.jpg,52.61,K
Sarah De Herdt (1100 pics)/dsc03209.jpg,52.55,K
Sarah De Herdt (1100 pics)/dsc02270.jpg,52.53,K
Sarah De Herdt (1100 pics)/dsc01472.jpg,52.52,K
Sarah De Herdt (1100 pics)/dsc00490.jpg,52.45,K
Sarah De Herdt (1100 pics)/dsc03573.jpg,52.38,K
Sarah De Herdt (1100 pics)/dsc03203.jpg,52.3,K
Sarah De Herdt (1100 pics)/dsc04099.jpg,52.21,K
Sarah De Herdt (1100 pics)/dsc01426.jpg,52.15,K
Sarah De Herdt (1100 pics)/dsc02622.jpg,52.13,K
Sarah De Herdt (1100 pics)/dsc01804.jpg,52.11,K
Sarah De Herdt (1100 pics)/dsc01496.jpg,51.83,K
Sarah De Herdt (1100 pics)/dsc05324.jpg,51.78,K
Sarah De Herdt (1100 pics)/dsc05330.jpg,51.76,K
Sarah De Herdt (1100 pics)/dsc02096.jpg,51.63,K
Sarah De Herdt (1100 pics)/dsc02903.jpg,51.6,K
Sarah De Herdt (1100 pics)/dsc00504.jpg,51.12,K
Sarah De Herdt (1100 pics)/dsc01441.jpg,51.11,K
Sarah De Herdt (1100 pics)/dsc05325.jpg,51.1,K
Sarah De Herdt (1100 pics)/dsc01816.jpg,51.1,K
Sarah De Herdt (1100 pics)/dsc01808.jpg,50.77,K
Sarah De Herdt (1100 pics)/dsc02312.jpg,50.57,K
Sarah De Herdt (1100 pics)/dsc00968.jpg,50.22,K
Sarah De Herdt (1100 pics)/dsc03196.jpg,49.85,K
Sarah De Herdt (1100 pics)/dsc01934.jpg,49.84,K
Sarah De Herdt (1100 pics)/dsc02484.jpg,49.79,K
Sarah De Herdt (1100 pics)/dsc03776.jpg,49.74,K
Sarah De Herdt (1100 pics)/dsc01812.jpg,49.32,K
Sarah De Herdt (1100 pics)/dsc01495.jpg,49.31,K
Sarah De Herdt (1100 pics)/dsc03986.jpg,49.28,K
Sarah De Herdt (1100 pics)/dsc03773.jpg,49.06,K
Sarah De Herdt (1100 pics)/dsc01428.jpg,48.98,K
Sarah De Herdt (1100 pics)/dsc01369.jpg,48.95,K
Sarah De Herdt (1100 pics)/dsc04106.jpg,48.94,K
Sarah De Herdt (1100 pics)/dsc05327.jpg,48.91,K
Sarah De Herdt (1100 pics)/dsc01807.jpg,48.9,K
Sarah De Herdt (1100 pics)/dsc02123.jpg,48.86,K
Sarah De Herdt (1100 pics)/dsc03493.jpg,48.73,K
Sarah De Herdt (1100 pics)/dsc00488.jpg,48.69,K
Sarah De Herdt (1100 pics)/dsc04107.jpg,48.39,K
Sarah De Herdt (1100 pics)/dsc00528.jpg,48.38,K
Sarah De Herdt (1100 pics)/dsc01423.jpg,48.33,K
Sarah De Herdt (1100 pics)/dsc03077.jpg,48.16,K
Sarah De Herdt (1100 pics)/dsc03208.jpg,48.14,K
Sarah De Herdt (1100 pics)/dsc01425.jpg,48.04,K
Sarah De Herdt (1100 pics)/dsc01421.jpg,47.95,K
Sarah De Herdt (1100 pics)/dsc00520.jpg,47.86,K
Sarah De Herdt (1100 pics)/dsc01424.jpg,47.75,K
Sarah De Herdt (1100 pics)/dsc03574.jpg,47.6,K
Sarah De Herdt (1100 pics)/dsc04816.jpg,47.6,K
Sarah De Herdt (1100 pics)/dsc03207.jpg,47.44,K
Sarah De Herdt (1100 pics)/dsc00519.jpg,47.4,K
Sarah De Herdt (1100 pics)/dsc03572.jpg,47.39,K
Sarah De Herdt (1100 pics)/dsc02092.jpg,47.37,K
Sarah De Herdt (1100 pics)/dsc02030.jpg,47.35,K
Sarah De Herdt (1100 pics)/dsc00529.jpg,47.29,K
Sarah De Herdt (1100 pics)/dsc01465.jpg,47.08,K
Sarah De Herdt (1100 pics)/dsc01535.jpg,46.91,K
Sarah De Herdt (1100 pics)/dsc05363.jpg,46.87,K
Sarah De Herdt (1100 pics)/dsc03200.jpg,46.82,K
Sarah De Herdt (1100 pics)/dsc00527.jpg,46.75,K
Sarah De Herdt (1100 pics)/sarah_de_herdt_02.jpg,46.66,K
Sarah De Herdt (1100 pics)/dsc02495.jpg,46.58,K
Sarah De Herdt (1100 pics)/dsc03511.jpg,46.48,K
Sarah De Herdt (1100 pics)/dsc00154.jpg,46.2,K
Sarah De Herdt (1100 pics)/dsc04817.jpg,46.19,K
Sarah De Herdt (1100 pics)/dsc04417.jpg,46.18,K
Sarah De Herdt (1100 pics)/dsc00530.jpg,46.17,K
Sarah De Herdt (1100 pics)/dsc01824.jpg,46.01,K
Sarah De Herdt (1100 pics)/dsc01464.jpg,45.87,K
Sarah De Herdt (1100 pics)/dsc01502.jpg,45.8,K
Sarah De Herdt (1100 pics)/sarah_de_herdt_04.jpg,45.76,K
Sarah De Herdt (1100 pics)/dsc02456.jpg,45.56,K
Sarah De Herdt (1100 pics)/dsc05334.jpg,45.51,K
Sarah De Herdt (1100 pics)/dsc00518.jpg,45.35,K
Sarah De Herdt (1100 pics)/dsc00971.jpg,44.84,K
Sarah De Herdt (1100 pics)/dsc01370.jpg,44.81,K
Sarah De Herdt (1100 pics)/dsc00517.jpg,44.75,K
Sarah De Herdt (1100 pics)/dsc03445.jpg,44.75,K
Sarah De Herdt (1100 pics)/dsc00525.jpg,44.71,K
Sarah De Herdt (1100 pics)/dsc00093.jpg,44.4,K
Sarah De Herdt (1100 pics)/dsc01422.jpg,44.25,K
Sarah De Herdt (1100 pics)/dsc05335.jpg,44.15,K
Sarah De Herdt (1100 pics)/dsc03446.jpg,44.01,K
Sarah De Herdt (1100 pics)/dsc01935.jpg,43.88,K
Sarah De Herdt (1100 pics)/dsc03211.jpg,43.83,K
Sarah De Herdt (1100 pics)/dsc00085.jpg,43.82,K
Sarah De Herdt (1100 pics)/dsc05333.jpg,43.74,K
Sarah De Herdt (1100 pics)/dsc03575.jpg,43.64,K
Sarah De Herdt (1100 pics)/dsc02598.jpg,42.58,K
Sarah De Herdt (1100 pics)/dsc02491.jpg,42.49,K
Sarah De Herdt (1100 pics)/dsc03504.jpg,42.04,K
Sarah De Herdt (1100 pics)/dsc00255.jpg,42.04,K
Sarah De Herdt (1100 pics)/dsc00248.jpg,41.71,K
Sarah De Herdt (1100 pics)/dsc00086.jpg,41.42,K
Sarah De Herdt (1100 pics)/dsc00511.jpg,41.13,K
Sarah De Herdt (1100 pics)/dsc02094.jpg,41.05,K
Sarah De Herdt (1100 pics)/dsc00512.jpg,41.01,K
Sarah De Herdt (1100 pics)/dsc00228.jpg,40.89,K
Sarah De Herdt (1100 pics)/dsc00253.jpg,40.65,K
Sarah De Herdt (1100 pics)/sarah_de_herdt_05.jpg,40.43,K
Sarah De Herdt (1100 pics)/dsc00239.jpg,40.27,K
Sarah De Herdt (1100 pics)/dsc00238.jpg,39.95,K
Sarah De Herdt (1100 pics)/dsc00235.jpg,39.78,K
Sarah De Herdt (1100 pics)/dsc02093.jpg,39.67,K
Sarah De Herdt (1100 pics)/dsc00078.jpg,39.55,K
Sarah De Herdt (1100 pics)/dsc00230.jpg,39.53,K
Sarah De Herdt (1100 pics)/dsc03197.jpg,39.35,K
Sarah De Herdt (1100 pics)/dsc00256.jpg,39.33,K
Sarah De Herdt (1100 pics)/dsc00076.jpg,39.22,K
Sarah De Herdt (1100 pics)/dsc02594.jpg,39.06,K
Sarah De Herdt (1100 pics)/dsc05336.jpg,38.96,K
Sarah De Herdt (1100 pics)/dsc00233.jpg,38.79,K
Sarah De Herdt (1100 pics)/dsc00234.jpg,38.77,K
Sarah De Herdt (1100 pics)/dsc00236.jpg,38.68,K
Sarah De Herdt (1100 pics)/dsc01827.jpg,38.59,K
Sarah De Herdt (1100 pics)/dsc03577.jpg,38.32,K
Sarah De Herdt (1100 pics)/dsc00081.jpg,37.93,K
Sarah De Herdt (1100 pics)/dsc00083.jpg,37.86,K
Sarah De Herdt (1100 pics)/dsc01925.jpg,37.59,K
Sarah De Herdt (1100 pics)/dsc00232.jpg,37.2,K
Sarah De Herdt (1100 pics)/dsc00088.jpg,36.83,K
Sarah De Herdt (1100 pics)/dsc00229.jpg,36.62,K
Sarah De Herdt (1100 pics)/dsc05337.jpg,36.44,K
Sarah De Herdt (1100 pics)/sarah_de_herdt_03.jpg,35.63,K
Sarah De Herdt (1100 pics)/dsc00242.jpg,35.56,K
Sarah De Herdt (1100 pics)/dsc00244.jpg,35.55,K
Sarah De Herdt (1100 pics)/dsc05340.jpg,35.31,K
Sarah De Herdt (1100 pics)/dsc05338.jpg,35.21,K
Sarah De Herdt (1100 pics)/dsc05331.jpg,34.53,K
Sarah De Herdt (1100 pics)/dsc00224.jpg,34.05,K
Sarah De Herdt (1100 pics)/dsc00226.jpg,33.37,K
Sarah De Herdt (1100 pics)/dsc05339.jpg,32.9,K
Sarah De Herdt (1100 pics)/dsc00090.jpg,32.87,K
Sarah De Herdt (1100 pics)/dsc00246.jpg,32.5,K
Sarah De Herdt (1100 pics)/dsc01564.jpg,32.5,K
Sarah De Herdt (1100 pics)/sarah_de_herdt_06.jpg,31.2,K
Sarah De Herdt (1100 pics)/dsc00962.jpg,30.58,K
Sarah De Herdt (1100 pics)/dsc00161.jpg,30.03,K
Sarah De Herdt (1100 pics)/dsc00082.jpg,28.75,K
Sarah De Herdt (1100 pics)/dsc01082.jpg,27.58,K
Sarah De Herdt (1100 pics)/dsc00079.jpg,22.87,K
Sarah De Herdt (1100 pics)/dsc00373.jpg,9.68,K
Deleted GIF Picture 5800.gif,485.11,K
d7fd53856c.gif,134.52,K
047359.jpg,23.35,K
SCAN.nfo,2.44,K
