Filename,Size,Unit
Chalet.Girl.2011.BDRip.XviD.AC3-5.1-SCR0N.avi,2.69,G
Chalet.Girl.2011.BDRip.XviD.AC3-5.1-SCR0N.nfo,1.86,K
chalet1.jpg,137.77,K
chalet2.jpg,146.49,K
chalet3.jpg,160.9,K
chalet4.jpg,91.47,K
chalet5.jpg,106.92,K
Read this before playing this Movie .txt,138,B
sample.avi,24.88,M
screens.jpg,305.57,K
ST.txt,52,B
torrent downloaded from www.scenetime.com.txt,138,B
