User Type,Username,Date,Text
,Ghost107,2011-10-30T10:39Z,Thanks please keep uploading My Ghost Story (new episodes)
,mws316,2011-10-30T15:38Z,ettv FTW!!! thanks you rock! 
,xiaoecho,2011-10-31T01:43Z,"Thanx a bunch, keep 'em coming"
