User Type,Username,Date,Text
,dude8888,2011-11-17T21:52Z,"A=8, V=8, M=6
Very good quality Bluray rip"
