Filename,Size,Unit
dn2012-0118.mp4,428.99,M
