Filename,Size,Unit
Rage.Of.The.Yeti.2011.TVRip.XviD-SIFI.avi,700.22,M
info.txt,531,B
