Filename,Size,Unit
Aatmaraam.pdf,26.16,K
Bade Bhai Sahab.pdf,29.39,K
Do Bail Ki Katha.pdf,33.13,K
Eidgaah.pdf,36.21,K
Gulli Danda.pdf,26.28,K
Laag Daat.pdf,23.92,K
Nasha.pdf,28.3,K
Prerna.pdf,34.34,K
Sawa Ser Ghehu.pdf,24.98,K
Shatranj Ke Khiladi.pdf,31.68,K
