Title,Type,Files,Size,IMDB,Spoken Languages,Texted Languages,Tags,Quality (+),Quality (-),Uploaded,By,User Type,Seeders,Leechers,Info Hash,Picture,Capture Date
Tamil Sex Stories  Links,599,1,1.11 KiB (1134 Bytes),,,,,1,0,2011-07-28T16:10:34Z,Anonymous,,5,0,C2106169CB38911E4C1E90EF556C8474EFEAD814,,2012-06-14T19:29:40Z
