Title,Type,Files,Size,IMDB,Spoken Languages,Texted Languages,Tags,Quality (+),Quality (-),Uploaded,By,User Type,Seeders,Leechers,Info Hash,Picture,Capture Date
My Daughter's Fucking A Black Dude - Vanessa Lynn,506,1,148.17 MiB (155364022 Bytes),,,,"""HushPass"",""Vanessa Lynn""",0,2,2011-10-12T00:21:33Z,gnice06,[V],2,1,716CE0834714BBCE195706A163A0E8FB482A076F,,2012-05-24T17:11:40Z
