Filename,Size,Unit
Paula Fernandes Part. Leonardo - Ãndia (Ao Vivo 2011 720p AC-3).mkv,150.45,M
