Filename,Size,Unit
Finding Neverland 2004_1080p.mkv,8.99,G
