Filename,Size,Unit
midnight.nfo,1.93,K
Midnight Bayou 2011 FiCTiON.avi,699.81,M
