Filename,Size,Unit
dtl_karisweet-wmvFullLow-1.wmv,279.66,M
