Filename,Size,Unit
Read this before playing this Video .txt,138,B
the.indestructibles.us.s01e04.hdtv.xvid-fqm.nfo,8.59,K
the.indestructibles.us.s01e04.hdtv.xvid-fqm.r00,19.07,M
the.indestructibles.us.s01e04.hdtv.xvid-fqm.r01,19.07,M
the.indestructibles.us.s01e04.hdtv.xvid-fqm.r02,19.07,M
the.indestructibles.us.s01e04.hdtv.xvid-fqm.r03,19.07,M
the.indestructibles.us.s01e04.hdtv.xvid-fqm.r04,19.07,M
the.indestructibles.us.s01e04.hdtv.xvid-fqm.r05,19.07,M
the.indestructibles.us.s01e04.hdtv.xvid-fqm.r06,19.07,M
the.indestructibles.us.s01e04.hdtv.xvid-fqm.r07,19.07,M
the.indestructibles.us.s01e04.hdtv.xvid-fqm.r08,2.93,M
the.indestructibles.us.s01e04.hdtv.xvid-fqm.rar,19.07,M
the.indestructibles.us.s01e04.hdtv.xvid-fqm.sfv,580,B
torrent downloaded from www.scenetime.com.txt,138,B
