Title,Type,Files,Size,IMDB,Spoken Languages,Texted Languages,Tags,Quality (+),Quality (-),Uploaded,By,User Type,Seeders,Leechers,Info Hash,Picture,Capture Date
Tour.De.France.2011.Stage21.Highlights.WS.PDTV.XviD-W4F,205,19,288.16 MiB (302158025 Bytes),,,,,0,0,2011-07-25T12:41:29Z,scenebalance,[V],1,1,534A83402334A7183782D86E996618D54D9CCEDA,,2012-06-14T22:20:42Z
