Filename,Size,Unit
00_17_30.jpg,52.7,K
Sample/sexo-sl-desiree-111111-sample.wmv,18.34,M
sexo-sl-desiree-111111.nfo,2.44,K
sexo-sl-desiree-111111.wmv,405.37,M
sexo-sl-desiree-111111.wmv.jpg,406.22,K
