Filename,Size,Unit
Jason Derulo - Fight For You.mp4,143.1,M
