User Type,Username,Date,Text
,BlaTaN,2011-04-08T21:19Z,Thx Heaps :)
