Title,Type,Files,Size,IMDB,Spoken Languages,Texted Languages,Tags,Quality (+),Quality (-),Uploaded,By,User Type,Seeders,Leechers,Info Hash,Picture,Capture Date
Kanmazha Peyyum Munpe (2010) Malayalam 1CD DVDRip x264 AAC 2.0 R,201,4,697.73 MiB (731620425 Bytes),,,,"""hdvideos"",""rmr"",""""",0,0,2011-09-21T19:49:27Z,HDvideos,[V],3,4,7EF2858082D4E8746A5276D54868E122EA5E0FE2,,2012-06-11T17:08:29Z
