Title,Type,Files,Size,IMDB,Spoken Languages,Texted Languages,Tags,Quality (+),Quality (-),Uploaded,By,User Type,Seeders,Leechers,Info Hash,Picture,Capture Date
Surreal Sex 3 - Capri Cavalli.avi,506,1,185.77 MiB (194789376 Bytes),,,,"""All sex"",""Straight"",""Hardcore"",""Oral"",""XXX"",""Adult""",0,0,2012-01-31T11:02:25Z,1.No.1,[V],10,3,D06E6986E9E5FC42E8C6EA4B1F5EE8BA4D295248,http://image.bayimg.com/pamomaade.jpg,2012-05-28T14:35:01Z
