Filename,Size,Unit
Cooking Mama 2 - World Kitchen [RWKPGT]/RWKPGT.wbfs,546,M
Kawasaki Quad Bikes [RQBPUG]/RQBPUG.wbfs,122,M
PeppaPigTheGame [RPHPPN]/RPHPPN.wbfs,374,M
SimCity Creator [R4CP69]/R4CP69.wbfs,380,M
Udraw [SUWP78]/SUWP78.wbfs,460,M
