Filename,Size,Unit
Sexy.com.avi,22.92,M
