User Type,Username,Date,Text
,bran280,2012-01-17T20:38Z,"PLEASE SEED been waitinf forever!

if anyone still here please seed! :)"
