User Type,Username,Date,Text
,theCRAMP,2011-12-02T11:57Z,WOW Thanks :P
