Filename,Size,Unit
Hannah Montana and Miley Cyrus   Best of Both Worlds Concert Tour.flv,495.07,M
Miley Cyrus - Live At Rock in Rio Madrid 2010 - Full Show - Show Completo.flv,408.1,M
Miley Cyrus_ live in Berlin (Club Goya) full concert.flv,276.37,M
Hannah Montana 3 - Full Length Concert.flv,181.02,M
Hannah Montana Live in London part 1.flv,62.69,M
Miley Cyrus Who Owns My Heart - Wetten dass - NOV 6_2010.flv,56.79,M
Hannah Montana live in London part 3.flv,46.61,M
Hannah Montana live in London part 2.flv,45.79,M
Miley Cyrus Concert in LA - Every Rose Has Its Thorn.flv,40.02,M
Hannah Montana - Make Some Noise.flv,39.84,M
Hannah Montana live in London part 4.flv,39.81,M
Miley Cyrus - Liberty Walk (Live at House Of Blues) HD.flv,39.73,M
Party In The USA By Miley Cyrus Ft. Justin Bieber Live In Much Music Video Awards.flv,37.78,M
Miley Cyrus - Robot (Live At House Of Blues) HD.flv,35.86,M
Hannah Montana - Nobody's Perfect.flv,35.66,M
Miley Cyrus - My Heart Beats For Love (Live At House Of Blues) HD.flv,35.09,M
Miley Cyrus - Can't Be Tamed.flv,34.23,M
Miley Cyrus  - 7 Things - Teen Choice Awards 2008 (HD).flv,33.89,M
Miley Cyrus - 7 Things - Good Morning America (HD).flv,33.54,M
Miley Cyrus - Who Owns My Heart (Live at House of Blues) HD.flv,33.36,M
Miley Cyrus - See You Again - Good Morning America (HD).flv,32.48,M
Miley Cyrus  Hannah Montana Drawing.flv,30.73,M
Miley Cyrus as Hannah Montana - Who Said.flv,30.67,M
Hannah Montana - The Best Of Both Worlds.flv,29.97,M
Miley Cyrus - Can't Be Tamed (Live at House of Blues) HD.flv,27.44,M
Miley Cyrus - Party In The U.S.A.flv,27.16,M
Miley Cyrus & Bret Michaels - Every Rose Has It's Thorn.flv,26.38,M
Hannah Montana - This is the Life (season 1) HD.flv,25.48,M
Miley Cyrus - The Climb - Official Music Video (HQ).flv,24.8,M
Miley Cyrus - Start All Over.flv,24.59,M
Miley Cyrus - 7 Things.flv,24.35,M
Miley Cyrus- Driveway -Stripped.flv,24.3,M
Miley Cyrus - Fly On The Wall - Good Morning America (HD).flv,24.24,M
Miley Cyrus Live on David Letterman Singing Can't Be Tamed.flv,24.11,M
Hannah Montana - Old Blue Jeans (season 2) HD.flv,23.83,M
Hannah Montana - Just Like You Official Music Video HQ HD.flv,23.54,M
Miley Cyrus - See You Again.flv,22.56,M
MILEY CYRUS color portrait.flv,21.18,M
One In A Million (OFFICIAL)-Miley Cyrus.flv,20.99,M
Miley Cyrus - Who Owns My Heart.flv,20.87,M
Hannah Montana - LifeÂ´s What You Make It Official Music Video  HQ.flv,20.25,M
Miley Cyrus - BTS - Finally Home (Unreleased).flv,19.34,M
Miley Cyrus - Can't Be Tamed - Britain's Got Talent 2010.flv,19.07,M
Hannah Montana - True Friend Official Music Video HQ HD.flv,18.01,M
Bigger Than Us (OFFICIAL)-Hannah Montana.flv,17.86,M
miley cyrus- the climb concierto.mp4,17.67,M
Hannah Montana - Clip Butterfly Fly away.flv,16.64,M
Justin Bieber featuring Miley Cyrus performs 'Overboard' - Never Say Never The Film.flv,14.78,M
Miley Cyrus -  Party In The USA (Teen Choice Awards HD).flv,13.48,M
Torrent downloaded from Demonoid.me.txt,46,B
