Title,Type,Files,Size,IMDB,Spoken Languages,Texted Languages,Tags,Quality (+),Quality (-),Uploaded,By,User Type,Seeders,Leechers,Info Hash,Picture,Capture Date
Reddit Test Layout,601,1,5.28 MiB (5537343 Bytes),,,English,"""test""",0,0,2011-03-10T14:45:11Z,DucoNihilum,,0,0,FCDE2D9D5752CAA4126DC6210CD47634DB2CC9A7,,2012-06-26T05:54:22Z
