Title,Type,Files,Size,IMDB,Spoken Languages,Texted Languages,Tags,Quality (+),Quality (-),Uploaded,By,User Type,Seeders,Leechers,Info Hash,Picture,Capture Date
Windows 7 Ultimate SP1 (64-bit) OEM [EN][PL](Patch)+Windows XP H,301,11,3.72 GiB (3997041467 Bytes),,,,,0,0,2011-12-24T00:25:37Z,comacom,,4,3,0AEF321D5C0AB655034C8A6901BA19332019CE6C,,2012-05-14T16:29:41Z
