User Type,Username,Date,Text
,MarijnB,2011-08-28T02:24Z,"Leuke film, dankje voor de upload!"
