Filename,Size,Unit
Corrie 23-09-11,483.09,M
Torrent downloaded from Demonoid.me.txt,46,B
