Title,Type,Files,Size,IMDB,Spoken Languages,Texted Languages,Tags,Quality (+),Quality (-),Uploaded,By,User Type,Seeders,Leechers,Info Hash,Picture,Capture Date
Caribbeancom - Perfect Body 5 Riina Fujimoto,501,5,778.14 MiB (815936929 Bytes),,,,"""asshole"",""big"",""ass""",1,0,2011-11-13T15:41:01Z,alexbassir00,,3,2,0A978BE182FABF1B0349C107BE8A352BFD423D7F,,2012-05-19T00:15:48Z
