Title,Type,Files,Size,IMDB,Spoken Languages,Texted Languages,Tags,Quality (+),Quality (-),Uploaded,By,User Type,Seeders,Leechers,Info Hash,Picture,Capture Date
InTheCrack - 498 - Peaches.rar,503,1,43.64 MiB (45762985 Bytes),,,,,1,0,2011-03-31T09:10:39Z,lazyman333,[T],1,3,2B06972DFD984AAAFB9A0E6763205A124CBC92A7,http://image.bayimg.com/lafmbaada.jpg,2012-06-24T19:46:33Z
