Filename,Size,Unit
Advanced.Registry.Clear.v2.1.8.2-RES-patch/Advanced.Registry.Clear.v2.1.8.2-patch.exe,38.5,K
Advanced.Registry.Clear.v2.1.8.2-RES-patch/RESURRECTiON.nfo,17.71,K
AdvancedRegistryClearSetup.exe,3.72,M
Torrent downloaded from AhaShare.com.txt,59,B
