Filename,Size,Unit
Amsterdam.Heavy.2011.DVDRiP.XViD-NOSCREENS/noscreens-amsterdam-xvid.nfo,1.82,K
Amsterdam.Heavy.2011.DVDRiP.XViD-NOSCREENS/noscreens-amsterdam-xvid.r00,19.07,M
Amsterdam.Heavy.2011.DVDRiP.XViD-NOSCREENS/noscreens-amsterdam-xvid.r01,19.07,M
Amsterdam.Heavy.2011.DVDRiP.XViD-NOSCREENS/noscreens-amsterdam-xvid.r02,19.07,M
Amsterdam.Heavy.2011.DVDRiP.XViD-NOSCREENS/noscreens-amsterdam-xvid.r03,19.07,M
Amsterdam.Heavy.2011.DVDRiP.XViD-NOSCREENS/noscreens-amsterdam-xvid.r04,19.07,M
Amsterdam.Heavy.2011.DVDRiP.XViD-NOSCREENS/noscreens-amsterdam-xvid.r05,19.07,M
Amsterdam.Heavy.2011.DVDRiP.XViD-NOSCREENS/noscreens-amsterdam-xvid.r06,19.07,M
Amsterdam.Heavy.2011.DVDRiP.XViD-NOSCREENS/noscreens-amsterdam-xvid.r07,19.07,M
Amsterdam.Heavy.2011.DVDRiP.XViD-NOSCREENS/noscreens-amsterdam-xvid.r08,19.07,M
Amsterdam.Heavy.2011.DVDRiP.XViD-NOSCREENS/noscreens-amsterdam-xvid.r09,19.07,M
Amsterdam.Heavy.2011.DVDRiP.XViD-NOSCREENS/noscreens-amsterdam-xvid.r10,19.07,M
Amsterdam.Heavy.2011.DVDRiP.XViD-NOSCREENS/noscreens-amsterdam-xvid.r11,19.07,M
Amsterdam.Heavy.2011.DVDRiP.XViD-NOSCREENS/noscreens-amsterdam-xvid.r12,19.07,M
Amsterdam.Heavy.2011.DVDRiP.XViD-NOSCREENS/noscreens-amsterdam-xvid.r13,19.07,M
Amsterdam.Heavy.2011.DVDRiP.XViD-NOSCREENS/noscreens-amsterdam-xvid.r14,19.07,M
Amsterdam.Heavy.2011.DVDRiP.XViD-NOSCREENS/noscreens-amsterdam-xvid.r15,19.07,M
Amsterdam.Heavy.2011.DVDRiP.XViD-NOSCREENS/noscreens-amsterdam-xvid.r16,19.07,M
Amsterdam.Heavy.2011.DVDRiP.XViD-NOSCREENS/noscreens-amsterdam-xvid.r17,19.07,M
Amsterdam.Heavy.2011.DVDRiP.XViD-NOSCREENS/noscreens-amsterdam-xvid.r18,19.07,M
Amsterdam.Heavy.2011.DVDRiP.XViD-NOSCREENS/noscreens-amsterdam-xvid.r19,19.07,M
Amsterdam.Heavy.2011.DVDRiP.XViD-NOSCREENS/noscreens-amsterdam-xvid.r20,19.07,M
Amsterdam.Heavy.2011.DVDRiP.XViD-NOSCREENS/noscreens-amsterdam-xvid.r21,19.07,M
Amsterdam.Heavy.2011.DVDRiP.XViD-NOSCREENS/noscreens-amsterdam-xvid.r22,19.07,M
Amsterdam.Heavy.2011.DVDRiP.XViD-NOSCREENS/noscreens-amsterdam-xvid.r23,19.07,M
Amsterdam.Heavy.2011.DVDRiP.XViD-NOSCREENS/noscreens-amsterdam-xvid.r24,19.07,M
Amsterdam.Heavy.2011.DVDRiP.XViD-NOSCREENS/noscreens-amsterdam-xvid.r25,19.07,M
Amsterdam.Heavy.2011.DVDRiP.XViD-NOSCREENS/noscreens-amsterdam-xvid.r26,19.07,M
Amsterdam.Heavy.2011.DVDRiP.XViD-NOSCREENS/noscreens-amsterdam-xvid.r27,19.07,M
Amsterdam.Heavy.2011.DVDRiP.XViD-NOSCREENS/noscreens-amsterdam-xvid.r28,19.07,M
Amsterdam.Heavy.2011.DVDRiP.XViD-NOSCREENS/noscreens-amsterdam-xvid.r29,19.07,M
Amsterdam.Heavy.2011.DVDRiP.XViD-NOSCREENS/noscreens-amsterdam-xvid.r30,19.07,M
Amsterdam.Heavy.2011.DVDRiP.XViD-NOSCREENS/noscreens-amsterdam-xvid.r31,19.07,M
Amsterdam.Heavy.2011.DVDRiP.XViD-NOSCREENS/noscreens-amsterdam-xvid.r32,19.07,M
Amsterdam.Heavy.2011.DVDRiP.XViD-NOSCREENS/noscreens-amsterdam-xvid.r33,19.07,M
Amsterdam.Heavy.2011.DVDRiP.XViD-NOSCREENS/noscreens-amsterdam-xvid.r34,19.07,M
Amsterdam.Heavy.2011.DVDRiP.XViD-NOSCREENS/noscreens-amsterdam-xvid.r35,19.07,M
Amsterdam.Heavy.2011.DVDRiP.XViD-NOSCREENS/noscreens-amsterdam-xvid.r36,1.25,M
Amsterdam.Heavy.2011.DVDRiP.XViD-NOSCREENS/noscreens-amsterdam-xvid.rar,19.07,M
Amsterdam.Heavy.2011.DVDRiP.XViD-NOSCREENS/noscreens-amsterdam-xvid.sfv,1.45,K
Amsterdam.Heavy.2011.DVDRiP.XViD-NOSCREENS/Sample/noscreens-amsterdam-xvid-sample.avi,7.32,M
Read this before playing this Video .txt,138,B
torrent downloaded from www.scenetime.com.txt,138,B
