Title,Type,Files,Size,IMDB,Spoken Languages,Texted Languages,Tags,Quality (+),Quality (-),Uploaded,By,User Type,Seeders,Leechers,Info Hash,Picture,Capture Date
Beautiful Babe From Czech Republic,506,1,263.56 MiB (276366798 Bytes),,,,"""hardcore"",""sexy"",""big boobs""",0,0,2011-05-08T11:47:07Z,Uperson,[T],1,0,8F64B2CAD99229991BE350E2E6D422BE8BBB98C0,,2012-06-21T12:57:30Z
