Title,Type,Files,Size,IMDB,Spoken Languages,Texted Languages,Tags,Quality (+),Quality (-),Uploaded,By,User Type,Seeders,Leechers,Info Hash,Picture,Capture Date
LMFAO - Get Crazy,101,1,3.86 MiB (4043203 Bytes),,,,,0,0,2011-05-25T18:25:01Z,TeranceLinden,,51,0,699DE87FB7072B5A52669300C60D2E90809BC303,,2012-06-19T12:46:28Z
