Title,Type,Files,Size,IMDB,Spoken Languages,Texted Languages,Tags,Quality (+),Quality (-),Uploaded,By,User Type,Seeders,Leechers,Info Hash,Picture,Capture Date
The.Three.Musketeers.2010.SCR.XviD-Feel-Free,201,1,1.02 GiB (1094500352 Bytes),,English,,,0,0,2012-01-15T19:29:50Z,maximersk,[V],2,1,DC843C45330B387C285942C7781A924141AD6577,,2012-05-13T10:24:43Z
