Filename,Size,Unit
Bangbros - Big Mouthful - Lea does Anal (Lea Moore).wmv,289.43,M
