Title,Type,Files,Size,IMDB,Spoken Languages,Texted Languages,Tags,Quality (+),Quality (-),Uploaded,By,User Type,Seeders,Leechers,Info Hash,Picture,Capture Date
Teachers.Pet.XXX.DVDRip.XviD-Jiggly,501,3,700.32 MiB (734341061 Bytes),,,,,0,0,2011-08-18T23:10:28Z,Rabiner,,2,5,01413A23B23A8818698D7943720E540D31B3F9B6,,2012-06-13T17:05:40Z
