Filename,Size,Unit
Kalle.Blomkvist.MÃ¤sterdetektiverna.Lever.Farligt.1996.SWEDISH.DVDRip.XViD-andreaspetersson.avi,699.44,M
www.TankaNer.com.nfo,62,B
