Filename,Size,Unit
Tomb Raider (5000x3000).jpg,10.76,M
88768tugu6475.bmp,3.52,M
Tomb Raider (6000x5000).jpg,2.28,M
Lara_Croft_4688.png,2.16,M
Fantasy (67).jpg,1.99,M
lara_croft___dirty_job_by_madspike-d21zv5r.png,1.93,M
1285664325772.jpg,1.86,M
Lara_Croft_363165.jpg,1.85,M
Lara-Croft-3d-img81.jpg,1.58,M
1258427806737.jpg,1.46,M
Lara-Croft-3d-img80.jpg,1.36,M
fantasy-Ready1--img24.jpg,1.29,M
1248545145655.jpg,1.26,M
fantasy-Intruder--img14.jpg,1.16,M
1269365999210.jpg,1.16,M
1282790141445.jpg,1.16,M
1253761125740.jpg,1.16,M
Lara-Croft-3d-img130.jpg,1.12,M
Fantasy (19).jpg,1.07,M
Lara_Croft_4630.jpg,1.01,M
1285911404390.jpg,1009.94,K
1920-x-1200-fantasy-girls-wallpapers-img2.jpg,1004.45,K
1243056780784.jpg,996.67,K
1231217883374.jpg,886.58,K
1284865791327.png,873.65,K
1285911193219.jpg,859.94,K
Fantasy (41).jpg,859.34,K
Lara_Croft_4689.jpg,858.7,K
Fantasy (59).jpg,824.41,K
1261814081395.png,821.29,K
1286222723629.jpg,812.52,K
1286573910704.jpg,791.98,K
Fantasy (1).jpg,780.19,K
Best-fantasy-girls-wallpapers-img14.jpg,745.4,K
1220983576993.jpg,735.81,K
lara-croft-fantasy.jpg,727.45,K
1283649205638.jpg,713.46,K
1285919254473.jpg,709.42,K
1248320013179.jpg,695.78,K
Fantasy (22).jpg,693.53,K
1285712833648.jpg,691.52,K
Lara-Croft-3d-img72.jpg,690.17,K
Fantasy (55).jpg,656.95,K
1285136871866.png,632.8,K
Fantasy (53).jpg,630.38,K
Fantasy-Women-45387.jpg,613.63,K
1283649162590.jpg,603.56,K
1283373559590.jpg,588.16,K
1283649293338.jpg,579.04,K
Fantasy (64).jpg,577.76,K
Fantasy (28).jpg,577.05,K
Lara-Croft-3d-img70.jpg,572.32,K
Fantasy (27).jpg,569.92,K
Fantasy (44).jpg,566.16,K
Lara-Croft-3d-img75.jpg,556.3,K
Lara-Croft-3d-img69.jpg,552.86,K
365742 - Amelie King's_Bounty King's_Bounty Armored_Princess MadSpike Princess_Amelie.jpg,529.01,K
pirate apple.jpg,509.04,K
Fantasy (2).jpg,492.72,K
nice-nude-girl-27.jpg,492.25,K
beautiful-porn-girl-28.jpg,487.9,K
sexy-girl-with-clothes-7.jpg,477.18,K
nice-hot-3d-rendered-woman-img35.jpg,474.81,K
Lara-Croft-3d-img73.jpg,461.1,K
1286573498628.jpg,459.08,K
Lara-Croft-3d-img37.jpg,447.34,K
Fantasy-3d-girl-wallpaper-img11.jpg,446.18,K
1237050297020.jpg,444.74,K
Final-fantasy-girl-img34.jpg,431.01,K
1285298455031.jpg,430.51,K
girl-with-tattoo-img15.jpg,426.72,K
Fantasy (8).jpg,419.5,K
1285910536198.jpg,418.38,K
89g75e4ws3.jpg,414.53,K
the-most-beautiful-girl-66.jpg,402.53,K
Lara-Croft-3d-img14.jpg,401.02,K
1285298040357.jpg,389.38,K
Diablo II.jpg,382.55,K
1285911715758.jpg,382.44,K
Fantasy (49).jpg,379.97,K
Lara-Croft-3d-img59.jpg,376.45,K
cute-3d-fantasy-girl-img35.jpg,369.64,K
fantasy-xxx-3d-girls-img19.jpg,369.58,K
Fantasy (36).jpg,367.94,K
Angel_of_Fire.jpg,366.5,K
Fantasy (14).jpg,364.4,K
1273185546147.jpg,361.61,K
Fantasy (45).jpg,360.76,K
Fantasy (70).jpg,359.8,K
nice--3d-girls-art-collection-img149.jpg,357.65,K
1243265344187.jpg,355.07,K
Fantasy (3).jpg,352.6,K
Fantasy (4).jpg,348.73,K
Fantasy (18).jpg,348.03,K
Fantasy (29).jpg,347.95,K
Lara-Croft-3d-img26.jpg,346.11,K
so-beautiful-img196.jpg,336.45,K
Fantasy (17).jpg,329.44,K
3d-fantasy-girl-img40.jpg,328.73,K
Fantasy (26).jpg,328.67,K
1269106738898.jpg,324.93,K
beautiful-3-D-girl-8.jpg,322.59,K
1273185733552.jpg,319.68,K
1269359603142.jpg,319.55,K
beautiful-porn-girl-27.jpg,319.11,K
sexy-girl-with-clothes-63.jpg,318.49,K
Fantasy (25).jpg,316.36,K
1240602064365.jpg,313.68,K
Lara-Croft-3d-img61.jpg,313.08,K
Fantasy-3d-girl-wallpaper-img74.jpg,310.4,K
Fantasy (24).jpg,309.91,K
Fantasy (16).jpg,308.84,K
1262413564800.jpg,305.85,K
cute-3d-fantasy-girl-img30.jpg,304.75,K
Fantasy (20).jpg,300.13,K
Fantasy (46).jpg,294.28,K
Fantasy (13).jpg,292.16,K
Fantasy.jpg,291.61,K
Fantasy (12).jpg,291.61,K
1269445176144.jpg,291.45,K
Fantasy (30).jpg,290.15,K
Fantasy (69).jpg,285.78,K
so-beautiful-img26.jpg,285.33,K
1285912698863.jpg,282.32,K
3D-And-Fantasy-Girls-7.jpg,281.41,K
1250119996747.jpg,278.65,K
1275685543696.jpg,278.05,K
Fantasy (5).jpg,275.88,K
Fantasy (71).jpg,274.96,K
wall1-1600x1200.jpg,270.92,K
1269444309104.jpg,270.81,K
Fantasy-and-3D-girl-img80.jpg,269.86,K
wallpaper_shaiya_light_and_darkness_04_1600.jpg,267.44,K
1273783007806.png,267.36,K
Lara-Croft-3d-img48.jpg,259.51,K
78tg786re4.jpg,258.35,K
Fantasy (35).jpg,250.47,K
1237612464214.jpg,248.93,K
Fantasy (68).jpg,248.85,K
Fantasy (34).jpg,248.03,K
Fantasy (72).jpg,246.62,K
1219904514816.jpg,245.59,K
Fantasy (15).jpg,241.86,K
1285911310569.jpg,238.24,K
1231216188561.jpg,236.06,K
girl-with-tattoo-img11.jpg,228.4,K
Fantasy (42).jpg,227.03,K
sexy-girl-with-clothes-59.jpg,223.63,K
so-beautiful-img73.jpg,223.34,K
Fantasy (62).jpg,220.18,K
666.jpg,219.32,K
Fantasy (32).jpg,217.32,K
Fantasy (33).jpg,216.5,K
1285912575743.jpg,213.97,K
Fantasy-3d-girl-wallpaper-img59.jpg,212.02,K
Fantasy (9).jpg,202.29,K
Lara-Croft-3d-img15.jpg,201.47,K
Fantasy (54).jpg,200.67,K
1285137019833.jpg,200.44,K
Fantasy (60).jpg,200.27,K
Fantasy (52).jpg,199.96,K
564564tre5634.jpg,198.92,K
Fantasy (66).jpg,198.32,K
Fantasy (43).jpg,195.56,K
Fantasy (23).jpg,193.89,K
Fantasy (37).jpg,193.37,K
Fantasy (39).jpg,190.39,K
Fantasy (48).jpg,189.8,K
Fantasy (58).jpg,189.04,K
so-beautiful-img86.jpg,188.09,K
1273783697260.jpg,185.39,K
Fantasy (21).jpg,180.56,K
sexy-nude-girl-86.jpg,177.18,K
img_0134.jpg,176.3,K
Fantasy (56).jpg,173.47,K
Fantasy (38).jpg,171.01,K
Fantasy (47).jpg,170.73,K
1283649490211.jpg,167.75,K
Fantasy (61).jpg,166.61,K
Fantasy (11).jpg,166.5,K
Fantasy (57).jpg,166.21,K
Fantasy (51).jpg,166.06,K
img_9449.jpg,164.43,K
dsc07465-2.jpg,157.62,K
1262411866673.jpg,156.9,K
Fantasy (40).jpg,155.51,K
so-beautiful-img168.jpg,151.79,K
Fantasy (6).jpg,149.74,K
nice--3d-girls-art-collection-img108.jpg,148.67,K
Fantasy (31).jpg,144.89,K
Fantasy (65).jpg,144.03,K
1248545493225.jpg,140.63,K
xxx-rendered-image-img37.jpg,137.94,K
Lara-Croft-3d-img53.jpg,136.14,K
so-beautiful-img45.jpg,136.14,K
Lara-Croft-3d-img54.jpg,135.77,K
1255281204301.jpg,135.06,K
Fantasy (63).jpg,133.24,K
Lara-Croft-3d-img85.jpg,125.56,K
1286701178632.jpg,124.84,K
Fantasy (10).jpg,124.8,K
1285922736893.jpg,123.89,K
dsc08106-2.jpg,120.92,K
ls0z21286869510-assassin.jpg,117.5,K
Fantasy (7).jpg,113.45,K
dsc07462.jpg,111.19,K
beautifull-girl-image5.jpg,107.39,K
your-dream-bich-img13.jpg,104.68,K
Fantasy (50).jpg,102,K
Diablo II (1).jpg,94.81,K
the-most-beautiful-girl-85.jpg,93.63,K
so-beautiful-img41.jpg,91.41,K
so-beautiful-img142.jpg,81.03,K
1287214110439.jpg,79.76,K
1285911671566.jpg,76.44,K
1284920478289.jpg,72.87,K
1231217596583.jpg,64.47,K
