Title,Type,Files,Size,IMDB,Spoken Languages,Texted Languages,Tags,Quality (+),Quality (-),Uploaded,By,User Type,Seeders,Leechers,Info Hash,Picture,Capture Date
Ira Hard Fucked Two Guys,506,1,436.97 MiB (458199287 Bytes),,,,"""teen"",""fetish"",""hardcore"",""threesom""",0,0,2010-12-28T23:14:50Z,Uperson,[T],0,2,1A518306E579922ACDB4B67D511A4CC1DCA6FCB7,,2012-06-30T04:05:56Z
