Filename,Size,Unit
desert.car.kings.s01e06.hdtv.xvid-crimson.nfo,8.48,K
desert.car.kings.s01e06.hdtv.xvid-crimson.r00,14.31,M
desert.car.kings.s01e06.hdtv.xvid-crimson.r01,14.31,M
desert.car.kings.s01e06.hdtv.xvid-crimson.r02,14.31,M
desert.car.kings.s01e06.hdtv.xvid-crimson.r03,14.31,M
desert.car.kings.s01e06.hdtv.xvid-crimson.r04,14.31,M
desert.car.kings.s01e06.hdtv.xvid-crimson.r05,14.31,M
desert.car.kings.s01e06.hdtv.xvid-crimson.r06,14.31,M
desert.car.kings.s01e06.hdtv.xvid-crimson.r07,14.31,M
desert.car.kings.s01e06.hdtv.xvid-crimson.r08,14.31,M
desert.car.kings.s01e06.hdtv.xvid-crimson.r09,14.31,M
desert.car.kings.s01e06.hdtv.xvid-crimson.r10,14.31,M
desert.car.kings.s01e06.hdtv.xvid-crimson.r11,14.31,M
desert.car.kings.s01e06.hdtv.xvid-crimson.r12,14.31,M
desert.car.kings.s01e06.hdtv.xvid-crimson.r13,14.31,M
desert.car.kings.s01e06.hdtv.xvid-crimson.r14,14.31,M
desert.car.kings.s01e06.hdtv.xvid-crimson.r15,14.31,M
desert.car.kings.s01e06.hdtv.xvid-crimson.r16,14.31,M
desert.car.kings.s01e06.hdtv.xvid-crimson.r17,14.31,M
desert.car.kings.s01e06.hdtv.xvid-crimson.r18,14.31,M
desert.car.kings.s01e06.hdtv.xvid-crimson.r19,14.31,M
desert.car.kings.s01e06.hdtv.xvid-crimson.r20,14.31,M
desert.car.kings.s01e06.hdtv.xvid-crimson.r21,14.31,M
desert.car.kings.s01e06.hdtv.xvid-crimson.r22,14.31,M
desert.car.kings.s01e06.hdtv.xvid-crimson.r23,8.59,M
desert.car.kings.s01e06.hdtv.xvid-crimson.rar,14.31,M
desert.car.kings.s01e06.hdtv.xvid-crimson.sfv,1.37,K
download from www.scenetime.com.txt,184,B
Read This Guide Now.txt,184,B
