Filename,Size,Unit
serve_it_up_big.mp4,522.28,M
