Filename,Size,Unit
extract/Hector - Orale (SIS remix) .mp3,33.42,M
"extract/Guy Gerber, Ryan Crosson, Guti & Greg Paulus - Time For A Change.mp3",28.69,M
extract/SIS - Break Down (Original Mix).mp3,19.17,M
extract/D.Diggler - Mind (Fred Siera Remix).mp3,18.87,M
extract/Stacey Pullen - Alive (Hi-Tek Soul Mix).mp3,18.38,M
extract/Shane Berry-Pullitout(Original Mix).mp3,16.57,M
extract/Greenville Massive - They Are Deaf.mp3,15.08,M
extract/Hertz -Shockz  Original Mix .mp3,13.08,M
extract/Booka Shade - Scaramanga (Bookas Manga Mix).mp3,11.79,M
extract/Greenville Massive- LOST.mp3,9.33,M
