Filename,Size,Unit
New Year's Eve (Trailer 2 HD) [buynowfilms.com].avi,140.09,M
