Filename,Size,Unit
Joseph Sheridan Le Fanu - Carmilla (BBC).mp3,40.25,M
CarmillaMock.jpg,92.14,K
Torrent downloaded from Demonoid.me.txt,46,B
