Title,Type,Files,Size,IMDB,Spoken Languages,Texted Languages,Tags,Quality (+),Quality (-),Uploaded,By,User Type,Seeders,Leechers,Info Hash,Picture,Capture Date
Sophia Lomeli G2 Big Boobs,506,1,457.13 MiB (479336255 Bytes),,,,"""sexy"",""hardcore"",""big boobs""",0,0,2011-05-17T18:27:24Z,Uperson,[T],2,1,8D1212D4426D7C71F56A18759F2B08DAF83DDB31,,2012-06-19T23:42:34Z
