Title,Type,Files,Size,IMDB,Spoken Languages,Texted Languages,Tags,Quality (+),Quality (-),Uploaded,By,User Type,Seeders,Leechers,Info Hash,Picture,Capture Date
pumaswede.com - Green Room Lovin',506,1,93.22 MiB (97747180 Bytes),,,,"""pumaswede""",2,4,2011-05-20T17:40:11Z,gnice06,[V],0,1,7360E7192E2F1E4145BB93F229F5FB91D029549E,http://image.bayimg.com/iaiagaadd.jpg,2012-06-19T19:07:11Z
