Title,Type,Files,Size,IMDB,Spoken Languages,Texted Languages,Tags,Quality (+),Quality (-),Uploaded,By,User Type,Seeders,Leechers,Info Hash,Picture,Capture Date
BBC - Amy Winehouse Tribute [MP4-AAC](oan),203,10,400.79 MiB (420253875 Bytes),,,,"""BBC"",""Amy Winehouse"",""Tribute"",""2011"",""Jools Holland""",0,0,2011-08-07T20:18:07Z,oneanight,[V],1,0,0D6629723BDA5850FB2AED6BE1C1E929C3201EAC,http://image.bayimg.com/lajjkaadh.jpg,2012-06-14T06:33:46Z
