User Type,Username,Date,Text
[T],SnowCrash05,2011-01-28T14:40Z,Thanks Mate :)
,trojani1982,2011-01-28T14:50Z,thank you
,golfer1985,2011-02-17T08:19Z,"Thanks, this great soft :)"
,rlboxer,2011-03-13T05:24Z,"hellboy, I thank you. you are one bad motherfucker! how many years did it take for you to get this good?"
,rlboxer,2011-03-13T05:25Z,"hellboy, I thank you. you are one bad mfer! how many years did it take for you to get this good?"
