Filename,Size,Unit
Downloaded from www.scenetime.com.txt,195,B
H.2010.TCM.nfo,6.58,K
H.2010.TCM.part01.rar,14,M
H.2010.TCM.part02.rar,14,M
H.2010.TCM.part03.rar,14,M
H.2010.TCM.part04.rar,14,M
H.2010.TCM.part05.rar,14,M
H.2010.TCM.part06.rar,14,M
H.2010.TCM.part07.rar,14,M
H.2010.TCM.part08.rar,14,M
H.2010.TCM.part09.rar,14,M
H.2010.TCM.part10.rar,14,M
H.2010.TCM.part11.rar,14,M
H.2010.TCM.part12.rar,14,M
H.2010.TCM.part13.rar,14,M
H.2010.TCM.part14.rar,14,M
H.2010.TCM.part15.rar,14,M
H.2010.TCM.part16.rar,14,M
H.2010.TCM.part17.rar,14,M
H.2010.TCM.part18.rar,14,M
H.2010.TCM.part19.rar,14,M
H.2010.TCM.part20.rar,14,M
H.2010.TCM.part21.rar,14,M
H.2010.TCM.part22.rar,14,M
H.2010.TCM.part23.rar,14,M
H.2010.TCM.part24.rar,14,M
H.2010.TCM.part25.rar,14,M
H.2010.TCM.part26.rar,14,M
H.2010.TCM.part27.rar,14,M
H.2010.TCM.part28.rar,14,M
H.2010.TCM.part29.rar,14,M
H.2010.TCM.part30.rar,14,M
H.2010.TCM.part31.rar,14,M
H.2010.TCM.part32.rar,14,M
H.2010.TCM.part33.rar,14,M
H.2010.TCM.part34.rar,14,M
H.2010.TCM.part35.rar,14,M
H.2010.TCM.part36.rar,14,M
H.2010.TCM.part37.rar,14,M
H.2010.TCM.part38.rar,14,M
H.2010.TCM.part39.rar,14,M
H.2010.TCM.part40.rar,14,M
H.2010.TCM.part41.rar,14,M
H.2010.TCM.part42.rar,14,M
H.2010.TCM.part43.rar,14,M
H.2010.TCM.part44.rar,14,M
H.2010.TCM.part45.rar,14,M
H.2010.TCM.part46.rar,14,M
H.2010.TCM.part47.rar,14,M
H.2010.TCM.part48.rar,14,M
H.2010.TCM.part49.rar,14,M
H.2010.TCM.part50.rar,14,M
H.2010.TCM.part51.rar,14,M
H.2010.TCM.part52.rar,14,M
H.2010.TCM.part53.rar,14,M
H.2010.TCM.part54.rar,14,M
H.2010.TCM.part55.rar,14,M
H.2010.TCM.part56.rar,14,M
H.2010.TCM.part57.rar,11.06,M
H.2010.TCM.sample.avi,7.22,M
H.2010.TCM.sfv,5.15,K
H.2010.TCM.snaps.n.shit/H.2010.TCM.avi_snapshot_01.00.13_[2011.07.31_22.28.53].png,165.55,K
H.2010.TCM.snaps.n.shit/H.2010.TCM.avi_snapshot_01.21.53_[2011.07.31_22.29.20].png,234.73,K
H.2010.TCM.snaps.n.shit/H.2010.TCM.avi_snapshot_01.24.40_[2011.07.31_22.29.33].png,260.06,K
H.2010.TCM.snaps.n.shit/H.2010.TCM.avi_snapshot_01.33.30_[2011.07.31_22.29.57].png,231.27,K
H.2010.TCM.snaps.n.shit/H.2010.TCM.avi_thumbs_[2011.07.31_22.27.16].png,770.2,K
Read This Guide First.txt,195,B
