Filename,Size,Unit
lip-slbdi.avi,699.1,M
