Title,Type,Files,Size,IMDB,Spoken Languages,Texted Languages,Tags,Quality (+),Quality (-),Uploaded,By,User Type,Seeders,Leechers,Info Hash,Picture,Capture Date
Make Way For Tomorrow (1937),201,1,1.09 GiB (1167506962 Bytes),http://www.imdb.com/title/tt0029192/,English,English,"""\""Make Way For Tomorrow\"""",""Leo McCarey"",""Beulah Bondi"",""Victor Moore"",""Thomas Mitchell""",0,0,2011-01-03T06:19:23Z,timelyone,[T],3,0,E45BAE4E1BDAFF2F4959EA03F025AAE22B610A99,http://image.bayimg.com/cacfoaadg.jpg,2012-06-29T22:35:54Z
