User Type,Username,Date,Text
,ps3movies,2011-01-13T21:18Z,please leave comments if this works on your ps3 slim or fat.
,sibygeorge,2011-03-01T12:03Z,thanks a lot
