Title,Type,Files,Size,IMDB,Spoken Languages,Texted Languages,Tags,Quality (+),Quality (-),Uploaded,By,User Type,Seeders,Leechers,Info Hash,Picture,Capture Date
Tron Evolution Battle Grids [PAL][Spanish][Wii][www.consolasatop,405,95,4.32 GiB (4640238776 Bytes),,,,,0,0,2010-12-02T22:38:06Z,consolasatope,[T],2,1,9AA661A4ADC3C262E69ADC91DB545318DDB69A88,,2012-07-01T18:04:51Z
