User Type,Username,Date,Text
,rocket-skates,2011-04-04T19:56Z,Thanks!!
