Filename,Size,Unit
Matt's Musical.mp3,12.41,M
Private Party.mp3,11.63,M
Matt's Heart Will Go On.mp3,10.09,M
Matt's Song.mp3,8.79,M
I Want It Matt's Way.mp3,8.12,M
Oh Ryan.mp3,7.99,M
Suddenly Matt.mp3,7.69,M
Thai Happy Birthday.mp3,7.27,M
Toaster.mp3,5.38,M
Five Bucks.mp3,2.99,M
Matt's Rap.mp3,2.53,M
