Filename,Size,Unit
For all the porn you need.txt,107,B
www.facialabuse.com_felicia_fallon7.wmv,30.39,M
www.facialabuse.com_felicia_fallon7.wmv.jpg,285.03,K
www.linkindexxx.com_Pilladas_en_la_Calle_-_Diana.avi,156.8,M
www.linkindexxx.com_Pilladas_en_la_Calle_-_Diana.avi.jpg,291.31,K
