Filename,Size,Unit
wait_for_it_by_phobium_[solskogen_2010].mp3,9.47,M
Saturn_Dreamride_by_Malmen_[birdie_2010].mp3,9.23,M
memories_of_childhood_by_snute_feat_silje_moholt_[]the_gathering_2010].mp3,9.22,M
sunset_(easter_edit)_by_incipient_[the_gathering_2010].mp3,9.17,M
cantalope-proper_by_hansee_[solskogen_2010].mp3,9.16,M
sinclair_by_xerxes_feat_romeo_knight_[solskogen_2010].mp3,9.07,M
snowman_by_kepler_[the_gathering_2010].mp3,9.04,M
rastafari_by_dr_macarena_[the_gathering_2010].mp3,9,M
yhen_markan_kiksu_by_minomus_[assembly_2010].mp3,8.55,M
ultimathule_by_mystra_[evoke_2010].mp3,8.28,M
soldier_field_by_xerxes_[evoke_2010].mp3,7.99,M
spaced_out_by_teel_[solskogen_2010].mp3,7.11,M
jojo_by_schreisalz_[evoke_2010].mp3,6.83,M
drifting_by_jeenio_[evoke_2010].mp3,6.67,M
the_next_level_by_joakim_skurk_[the_gathering_2010].mp3,6.47,M
white_by_dj_tabasco_[assembly_2010].mp3,6.34,M
revenge_by_oxide__maza__sonik_clique_[assembly_2010].mp3,6,M
mesmerized_edit_by_subdream_[breakpoint_2010].mp3,5.76,M
24_more_hours_by_buzzer_[main_2010].mp3,5.56,M
fragments_of_time_by_cyrex_[breakpoint_2010].mp3,5.47,M
dere er alle ukultivert avskum by irvin [solskogen 2010].mp3,5.19,M
love_is_here_by_alk_+_zalza_titan [evoke_2010].mp3,4.79,M
show_me_heaven_by_traymuss_[riverwash_2010].mp3,4.56,M
zapoved_by_razer_[dihalt_2010].mp3,684.61,K
