Filename,Size,Unit
NEW1_05.MP3,8.81,M
NEW1_09.MP3,8.67,M
NEW1_11.MP3,8.66,M
NEW1_04.MP3,8.46,M
NEW1_07.MP3,7.7,M
NEW1_02.MP3,7.29,M
NEW1_13.MP3,7.04,M
NEW1_03.MP3,6.76,M
NEW1_12.MP3,6.73,M
NEW1_10.MP3,5.76,M
NEW1_08.MP3,5.4,M
NEW1_14.MP3,3.86,M
NEW1_01.MP3,3.37,M
NEW1_06.MP3,2.37,M
NEW1.m3u,182,B
