Title,Type,Files,Size,IMDB,Spoken Languages,Texted Languages,Tags,Quality (+),Quality (-),Uploaded,By,User Type,Seeders,Leechers,Info Hash,Picture,Capture Date
The.Caller.2011.DVDRiP.XViD-LAZi,201,3,712.26 MiB (746856545 Bytes),,,,,0,0,2011-09-15T14:55:16Z,UltraTorrents,[V],5,2,02FD5E15E6C7E514A8558883ED08C7BEAA21DBFF,,2012-06-12T04:02:28Z
