Filename,Size,Unit
alpine.skiing.wch.11.team.bronze.hdtv-skis.r00,14.31,M
alpine.skiing.wch.11.team.bronze.hdtv-skis.r01,14.31,M
alpine.skiing.wch.11.team.bronze.hdtv-skis.r02,14.31,M
alpine.skiing.wch.11.team.bronze.hdtv-skis.r03,14.31,M
alpine.skiing.wch.11.team.bronze.hdtv-skis.r04,14.31,M
alpine.skiing.wch.11.team.bronze.hdtv-skis.r05,14.31,M
alpine.skiing.wch.11.team.bronze.hdtv-skis.r06,14.31,M
alpine.skiing.wch.11.team.bronze.hdtv-skis.r07,14.31,M
alpine.skiing.wch.11.team.bronze.hdtv-skis.r08,14.31,M
alpine.skiing.wch.11.team.bronze.hdtv-skis.r09,14.31,M
alpine.skiing.wch.11.team.bronze.hdtv-skis.r10,14.31,M
alpine.skiing.wch.11.team.bronze.hdtv-skis.r11,13.82,M
alpine.skiing.wch.11.team.bronze.hdtv-skis.rar,14.31,M
alpine.skiing.wch.11.team.bronze.hdtv-skis.sfv,741,B
download from www.scenetime.com.txt,189,B
Read This Guide Now.txt,189,B
