Title,Type,Files,Size,IMDB,Spoken Languages,Texted Languages,Tags,Quality (+),Quality (-),Uploaded,By,User Type,Seeders,Leechers,Info Hash,Picture,Capture Date
7 Habits Of Successful People,102,4,63.67 MiB (66763870 Bytes),,English,,"""Islamic Audio Books""",8,1,2011-07-24T08:53:37Z,{wasalnaser},[H],4,1,1A722E489667C9644715239F83EB43EF1DB0233A,,2012-06-14T23:49:11Z
