Filename,Size,Unit
The.Lost.Tapes.JulesJordanProductions.DvDRip.CD3.12.13.2011.avi,699.76,M
