Filename,Size,Unit
Real Steel 2011 1080p BDRip x264 AAC-KiNGDOM.mp4,2.83,G
Sample.mp4,29.1,M
Kingdom RG..nfo,11.42,K
Torrent Downloaded From ExtraTorrent.com.txt,353,B
Torrent downloaded from AhaShare.com.txt,59,B
Torrent downloaded from Demonoid.me.txt,46,B
Torrent downloaded from Silvertorrents.me.txt,41,B
