Title,Type,Files,Size,IMDB,Spoken Languages,Texted Languages,Tags,Quality (+),Quality (-),Uploaded,By,User Type,Seeders,Leechers,Info Hash,Picture,Capture Date
Angel Face 2 - Sensi Pearl.avi,506,1,329.27 MiB (345269676 Bytes),,,,"""All Sex"",""Oral"",""Teen"",""Straight"",""Hardcore"",""XXX"",""Adult""",0,0,2011-12-29T01:29:25Z,Pornmaze,[V],2,4,56E0C9E6F279F6A5B8A394C1361DAE0964303F63,http://image.bayimg.com/iallfaadj.jpg,2012-05-14T10:43:32Z
