User Type,Username,Date,Text
,justagirlinacoma,2011-02-07T01:36Z,Thank you so much for posting this! I bought their cd Quick Frozen Small Yellow a few years ago and have been looking for more of their stuff ever since. Great band! Thanks again!
,Skjelter,2011-10-25T19:35Z,Thanks! I'm gonna seed this. Love them and glad to have seen them playing live in Amsterdam.
