Title,Type,Files,Size,IMDB,Spoken Languages,Texted Languages,Tags,Quality (+),Quality (-),Uploaded,By,User Type,Seeders,Leechers,Info Hash,Picture,Capture Date
Military.Channel.Tank.Overhaul.Series2.2of4.The.Elephant.XviD.AC,205,1,815.23 MiB (854835200 Bytes),,English,,,0,0,2011-04-30T20:39:07Z,DocFreak08,,4,1,457C9AA62C839E72E7BF56C743B5798DEAA64747,http://image.bayimg.com/bahejaadn.jpg,2012-06-21T22:01:43Z
