User Type,Username,Date,Text
,indiaman,2011-12-07T22:46Z,Thanks for probably one of the best books I've seen on Material Science.
