Title,Type,Files,Size,IMDB,Spoken Languages,Texted Languages,Tags,Quality (+),Quality (-),Uploaded,By,User Type,Seeders,Leechers,Info Hash,Picture,Capture Date
Monsters.BRRIP.MP4.x264.720p-HR,207,4,2.38 GiB (2551373410 Bytes),http://www.imdb.com/title/tt1470827/,English,English,"""x264"",""holyroses"",""appletv-hd""",7,0,2011-03-16T23:47:30Z,HolyRoses,[V],3,2,7373E76FA6DDC0D74EC2A9D5FDCA3B014307CF23,http://image.bayimg.com/maehhaadh.jpg,2012-06-25T21:10:44Z
