Filename,Size,Unit
Green Lantern 2011 TS V2 READNFO XViD - IMAGiNE SAMPLE.avi,11.75,M
Green Lantern 2011 TS V2 READNFO XViD - IMAGiNE.avi,1.37,G
Green Lantern 2011 TS V2 READNFO XViD - IMAGiNE.nfo,5.19,K
NW RG.nfo,12.96,K
Torrent downloaded from Demonoid.me.txt,46,B
att-networks.com.txt,34,B
dreamthe.net.txt,91,B
northernwarriors.net.txt,135,B
sceneunderground.org.txt,77,B
