User Type,Username,Date,Text
,morfeas1975,2011-02-26T15:41Z,hi
,born2b,2011-07-15T09:24Z,crap...
