Filename,Size,Unit
HAP - 13_xvid.avi,35.56,M
HAP - 45_xvid.avi,35.18,M
HAP - 39_xvid.avi,32.29,M
HAP - 40_xvid.avi,30.18,M
HAP - 48_xvid.avi,29.55,M
HAP - 31_xvid.avi,29.24,M
HAP - 35_xvid.avi,29.22,M
HAP - 46_xvid.avi,28.73,M
HAP - 50_xvid.avi,28.71,M
HAP - 19_xvid.avi,28.67,M
HAP - 26_xvid.avi,28.67,M
HAP - 52_xvid.avi,28.52,M
HAP - 33_xvid.avi,28.41,M
HAP - 14_xvid.avi,28.39,M
HAP - 43_xvid.avi,28.17,M
HAP - 01_xvid.avi,27.91,M
HAP - 24_xvid.avi,27.89,M
HAP - 12_xvid.avi,27.83,M
HAP - 20_xvid.avi,27.82,M
HAP - 34_xvid.avi,27.77,M
HAP - 37_xvid.avi,27.5,M
HAP - 02_xvid.avi,27.19,M
HAP - 23_xvid.avi,26.86,M
HAP - 42_xvid.avi,26.81,M
HAP - 44_xvid.avi,26.8,M
HAP - 18_xvid.avi,26.78,M
HAP - 08_xvid.avi,26.65,M
HAP - 28_xvid.avi,26.61,M
HAP - 27_xvid.avi,25.78,M
HAP - 07_xvid.avi,25.77,M
HAP - 15_xvid.avi,25.38,M
HAP - 03_xvid.avi,25.33,M
HAP - 49_xvid.avi,25.29,M
HAP - 38_xvid.avi,24.79,M
HAP - 10_xvid.avi,24.78,M
HAP - 05_xvid.avi,24.72,M
HAP - 51_xvid.avi,24.58,M
HAP - 21_xvid.avi,24.19,M
HAP - 16_xvid.avi,24.11,M
HAP - 25_xvid.avi,23.91,M
HAP - 32_xvid.avi,23.45,M
HAP - 06_xvid.avi,22.99,M
HAP - 29_xvid.avi,22.93,M
HAP - 41_xvid.avi,22.64,M
HAP - 36_xvid.avi,22.64,M
HAP - 04_xvid.avi,22.63,M
HAP - 47_xvid.avi,22.01,M
HAP - 09_xvid.avi,21.66,M
HAP - 11_xvid.avi,21.45,M
HAP - 22_xvid.avi,20.19,M
HAP - 30_xvid.avi,19.8,M
HAP - 17_xvid.avi,19.19,M
