Filename,Size,Unit
ÐÐ¾Ð²Ð°Ñ Ð¿Ð°Ð¿ÐºÐ°/VIDEO_TS.BUP,16,K
ÐÐ¾Ð²Ð°Ñ Ð¿Ð°Ð¿ÐºÐ°/VIDEO_TS.IFO,16,K
ÐÐ¾Ð²Ð°Ñ Ð¿Ð°Ð¿ÐºÐ°/VTS_01_0.BUP,22,K
ÐÐ¾Ð²Ð°Ñ Ð¿Ð°Ð¿ÐºÐ°/VTS_01_0.IFO,22,K
ÐÐ¾Ð²Ð°Ñ Ð¿Ð°Ð¿ÐºÐ°/VTS_01_0.VOB,62.06,M
ÐÐ¾Ð²Ð°Ñ Ð¿Ð°Ð¿ÐºÐ°/VTS_01_1.VOB,40,K
ÐÐ¾Ð²Ð°Ñ Ð¿Ð°Ð¿ÐºÐ°/VTS_02_0.BUP,18,K
ÐÐ¾Ð²Ð°Ñ Ð¿Ð°Ð¿ÐºÐ°/VTS_02_0.IFO,18,K
ÐÐ¾Ð²Ð°Ñ Ð¿Ð°Ð¿ÐºÐ°/VTS_02_0.VOB,114,K
ÐÐ¾Ð²Ð°Ñ Ð¿Ð°Ð¿ÐºÐ°/VTS_02_1.VOB,20,K
ÐÐ¾Ð²Ð°Ñ Ð¿Ð°Ð¿ÐºÐ°/VTS_03_0.BUP,18,K
ÐÐ¾Ð²Ð°Ñ Ð¿Ð°Ð¿ÐºÐ°/VTS_03_0.IFO,18,K
ÐÐ¾Ð²Ð°Ñ Ð¿Ð°Ð¿ÐºÐ°/VTS_03_0.VOB,114,K
ÐÐ¾Ð²Ð°Ñ Ð¿Ð°Ð¿ÐºÐ°/VTS_03_1.VOB,20,K
ÐÐ¾Ð²Ð°Ñ Ð¿Ð°Ð¿ÐºÐ°/VTS_04_0.BUP,18,K
ÐÐ¾Ð²Ð°Ñ Ð¿Ð°Ð¿ÐºÐ°/VTS_04_0.IFO,18,K
ÐÐ¾Ð²Ð°Ñ Ð¿Ð°Ð¿ÐºÐ°/VTS_04_0.VOB,114,K
ÐÐ¾Ð²Ð°Ñ Ð¿Ð°Ð¿ÐºÐ°/VTS_04_1.VOB,250,K
ÐÐ¾Ð²Ð°Ñ Ð¿Ð°Ð¿ÐºÐ°/VTS_05_0.BUP,18,K
ÐÐ¾Ð²Ð°Ñ Ð¿Ð°Ð¿ÐºÐ°/VTS_05_0.IFO,18,K
ÐÐ¾Ð²Ð°Ñ Ð¿Ð°Ð¿ÐºÐ°/VTS_05_0.VOB,114,K
ÐÐ¾Ð²Ð°Ñ Ð¿Ð°Ð¿ÐºÐ°/VTS_05_1.VOB,10,K
ÐÐ¾Ð²Ð°Ñ Ð¿Ð°Ð¿ÐºÐ°/VTS_06_0.BUP,132,K
ÐÐ¾Ð²Ð°Ñ Ð¿Ð°Ð¿ÐºÐ°/VTS_06_0.IFO,132,K
ÐÐ¾Ð²Ð°Ñ Ð¿Ð°Ð¿ÐºÐ°/VTS_06_0.VOB,114,K
ÐÐ¾Ð²Ð°Ñ Ð¿Ð°Ð¿ÐºÐ°/VTS_06_1.VOB,1024,M
ÐÐ¾Ð²Ð°Ñ Ð¿Ð°Ð¿ÐºÐ°/VTS_06_2.VOB,1024,M
ÐÐ¾Ð²Ð°Ñ Ð¿Ð°Ð¿ÐºÐ°/VTS_06_3.VOB,1024,M
ÐÐ¾Ð²Ð°Ñ Ð¿Ð°Ð¿ÐºÐ°/VTS_06_4.VOB,1024,M
ÐÐ¾Ð²Ð°Ñ Ð¿Ð°Ð¿ÐºÐ°/VTS_06_5.VOB,309.8,M
ÐÐ¾Ð²Ð°Ñ Ð¿Ð°Ð¿ÐºÐ°/VTS_07_0.BUP,18,K
ÐÐ¾Ð²Ð°Ñ Ð¿Ð°Ð¿ÐºÐ°/VTS_07_0.IFO,18,K
ÐÐ¾Ð²Ð°Ñ Ð¿Ð°Ð¿ÐºÐ°/VTS_07_0.VOB,114,K
ÐÐ¾Ð²Ð°Ñ Ð¿Ð°Ð¿ÐºÐ°/VTS_07_1.VOB,10,K
ÐÐ¾Ð²Ð°Ñ Ð¿Ð°Ð¿ÐºÐ°/VTS_08_0.BUP,18,K
ÐÐ¾Ð²Ð°Ñ Ð¿Ð°Ð¿ÐºÐ°/VTS_08_0.IFO,18,K
ÐÐ¾Ð²Ð°Ñ Ð¿Ð°Ð¿ÐºÐ°/VTS_08_0.VOB,114,K
ÐÐ¾Ð²Ð°Ñ Ð¿Ð°Ð¿ÐºÐ°/VTS_08_1.VOB,10,K
1.jpeg,22.14,K
2.jpg,63.68,K
3.jpg,314.81,K
4.jpg,321.15,K
5.jpg,344.66,K
6.jpg,361.42,K
7.jpg,355.09,K
In.My.Girlfriends.Ass.XXX.jpg,54.89,K
