Filename,Size,Unit
12-15-2010 The Young and the Restless.avi,159.2,M
