Filename,Size,Unit
Rampart (2011) DVDScr XviD - DJ-W-BB - Sample.avi,49.4,M
Rampart (2011) DVDScr XviD - DJ-W-BB.avi,620.32,M
Rampart (2011) DVDScr XviD - DJ-W-BB.jpeg,173.53,K
Read this before playing this Video .txt,138,B
torrent downloaded from www.scenetime.com.txt,138,B
