Title,Type,Files,Size,IMDB,Spoken Languages,Texted Languages,Tags,Quality (+),Quality (-),Uploaded,By,User Type,Seeders,Leechers,Info Hash,Picture,Capture Date
The.Bolt.Report.S01E07.Michael.Danby.WS.PDTV.XviD-FQM,205,17,233.34 MiB (244679431 Bytes),,,,,0,0,2011-06-19T03:49:49Z,sceneline,[V],0,0,F744B123075ABF0079A277BBFA39B9912F5F2C6D,,2012-06-18T08:57:09Z
