Title,Type,Files,Size,IMDB,Spoken Languages,Texted Languages,Tags,Quality (+),Quality (-),Uploaded,By,User Type,Seeders,Leechers,Info Hash,Picture,Capture Date
Hot Russian Blonde.avi,506,1,431.51 MiB (452468394 Bytes),,,,"""Teen"",""Straight"",""Blowjob"",""Amateur"",""Hardcore"",""XXX"",""Adult""",0,0,2011-07-29T17:28:09Z,Pornmaze,[V],1,2,616DAFE5235D3998E9C68CEBA4CFDF6D799918FE,,2012-06-14T18:35:59Z
