Filename,Size,Unit
07+08.avi,994.38,M
