Filename,Size,Unit
the.7pm.project.2011.06.03.ws.pdtv.xvid-futv.nfo,13.4,K
the.7pm.project.2011.06.03.ws.pdtv.xvid-futv.r00,14.31,M
the.7pm.project.2011.06.03.ws.pdtv.xvid-futv.r01,14.31,M
the.7pm.project.2011.06.03.ws.pdtv.xvid-futv.r02,14.31,M
the.7pm.project.2011.06.03.ws.pdtv.xvid-futv.r03,14.31,M
the.7pm.project.2011.06.03.ws.pdtv.xvid-futv.r04,14.31,M
the.7pm.project.2011.06.03.ws.pdtv.xvid-futv.r05,14.31,M
the.7pm.project.2011.06.03.ws.pdtv.xvid-futv.r06,14.31,M
the.7pm.project.2011.06.03.ws.pdtv.xvid-futv.r07,14.31,M
the.7pm.project.2011.06.03.ws.pdtv.xvid-futv.r08,14.31,M
the.7pm.project.2011.06.03.ws.pdtv.xvid-futv.r09,14.31,M
the.7pm.project.2011.06.03.ws.pdtv.xvid-futv.r10,14.31,M
the.7pm.project.2011.06.03.ws.pdtv.xvid-futv.r11,2.33,M
the.7pm.project.2011.06.03.ws.pdtv.xvid-futv.sfv,708,B
