User Type,Username,Date,Text
[T],exmnova,2010-12-29T10:59Z,"http://www.picswan.com/adult/share-8B38_4D1B0675.html

http://www.picswan.com/adult/share-C196_4D1B0675.html"
