Filename,Size,Unit
dancing.with.the.stars.us.s12e10.hdtv.xvid-2hd.avi,349.39,M
dancing.with.the.stars.us.s12e10.hdtv.xvid-2hd.nfo,7.43,K
Read This Guide First.txt,513,B
Sample/sample-dancing.with.the.stars.us.s12e10.hdtv.xvid-2hd.avi,10.11,M
www.Torrentday.com.txt,513,B
