Filename,Size,Unit
cowry-punished.avi,697.04,M
cowry-punished.nfo,13.18,K
READ this before playing the Movie.txt,477,B
Sample/cowry-punished-sample.avi,12.29,M
Subs/cowry-punished.idx,188.57,K
www.Torrenting.com.txt,477,B
