Filename,Size,Unit
sirC Commissions/[sirC] The Cherry Boys by Rio Yanagawa.zip,81.9,M
sirC Commissions/[sirC] Undead Princess by Mochi.zip,66.12,M
sirC Commissions/[sirC] Trauma by Kei Nakanoo.zip,30.48,M
sirC Commissions/[sirC] With the Female Soldier by Nora Higuma.zip,16.34,M
sirC Commissions/[sirC] The Melancholy of Claes by raita.zip,15.08,M
sirC Commissions/[sirC] Southern Cross! by tokyo.zip,11.09,M
sirC Commissions/[sirC] Using the Toilet! by Takanori Kiriri.zip,10.19,M
sirC Commissions/[sirC] Mio Dukushi by Mutsuki Ginji.zip,9.38,M
sirC Commissions/[sirC] Bad Girl by Akira Araki.zip,8.83,M
sirC Commissions/[sirC] Jagged Mountain by CHISE Toshiaki.zip,8.68,M
sirC Commissions/[sirC] Condition Green by Hokama Mitsuri.zip,8.55,M
sirC Commissions/[sirC] This Month's Doggie. by Usakun.zip,8.49,M
sirC Commissions/[sirC] Mom's Art Class by Nekomata Naomi.zip,8.12,M
sirC Commissions/[sirC] A Little Adventure & Super Secret Sleepover Party by R Koga.zip,8.1,M
sirC Commissions/[sirC] Maji Love by mil.zip,8.1,M
sirC Commissions/[sirC] Koruri Attack! by Moroha.zip,7.81,M
sirC Commissions/[sirC] Wide Open Hole by Nekomori Maririn.zip,7.73,M
sirC Commissions/[sirC] Summer Suspense Theater by Moroha.zip,7.71,M
sirC Commissions/[sirC] Traumerei by Nendo.zip,7.41,M
sirC Commissions/[sirC] The Mansion of No Return by Menou Kuroiwa.zip,7.11,M
"sirC Commissions/[sirC] Teach me, Teacher by Atori K.zip",7.05,M
sirC Commissions/[sirC] Mom's Vitamin by Minako Nami.zip,6.93,M
sirC Commissions/[sirC] The Secret Base Behind the Company Condos on Third Street by Miyauchi Yuka.zip,6.46,M
sirC Commissions/[sirC] Image Child - Punishment by Yoriu Mushi.zip,6.44,M
sirC Commissions/[sirC] Minami no by Takurou.zip,6.24,M
sirC Commissions/[sirC] Adoration by PURUpyon Saitou.zip,6.14,M
sirC Commissions/[sirC] An Angel Through a Lens by Isawa Noori.zip,6.01,M
sirC Commissions/[sirC] Midnight Escalator by Ariko Youichi and Miyasu Risa.zip,5.97,M
sirC Commissions/[sirC] Holy Stone by Ogawa Kanran.zip,5.91,M
sirC Commissions/[sirC] Steel Mayonnaise 9 by Higuchi Isami.zip,5.79,M
sirC Commissions/[sirC] A Brother's Request by Atori K.zip,5.71,M
sirC Commissions/[sirC] m.s. by Ayano Naoto.zip,5.23,M
sirC Commissions/[sirC] Parental Responsibility by Minami Katsumi.zip,5.05,M
sirC Commissions/[sirC] First Lesson by Sada Kouji.zip,4.74,M
sirC Commissions/[sirC] To the Sound of Rain by Hoshino Fuuta.zip,4.7,M
sirC Commissions/[sirC] Escape by Okano Hajime.zip,4.66,M
sirC Commissions/[sirC] Feverish Afternoon by Ogawa Kanran.zip,4.57,M
sirC Commissions/[sirC] Adult Studies by PURUpyon Saitou.zip,4.35,M
sirC Commissions/[sirC] Permanent Girl by Minazuki Tsuyuha.zip,4.3,M
sirC Commissions/[sirC] Yearning by Nitta Jun.zip,4.03,M
sirC Commissions/[sirC] Spanking Week by Usakun.zip,3.31,M
sirC Commissions/[sirC] Secret Room by Senju Rion.zip,3.11,M
"sirC Commissions/[sirC] Wedding Anniversary, Safe Day by Usakun.zip",2.91,M
sirC Commissions/[sirC] Tiger and Flower Days by Jinbo Hitode.zip,2.72,M
sirC Commissions/[sirC] Natalie and Zekurosu by Mikoto.zip,2.51,M
sirC Commissions/[sirC] Love's Classroom by Minion.zip,2.4,M
sirC Commissions/[sirC] Manga Fairy Tales 2 by Kondom.zip,2.18,M
sirC Commissions/[sirC] Window Peep Show by Ogawa Kanran.zip,1.99,M
sirC Commissions/[sirC] Love's Day Off by Minion.zip,1.59,M
sirC Commissions/[sirC] Train Beat by Nikusyo.zip,1.55,M
sirC Commissions/[sirC] Undead Princess by Mochi.jpg,59.77,K
sirC Commissions/[sirC] This Month's Doggie. by Usakun.jpg,53.93,K
sirC Commissions/[sirC] Train Beat by Nikusyo.jpg,50.94,K
sirC Commissions/[sirC] A Little Adventure & Super Secret Sleepover Party by R Koga.jpg,50.42,K
sirC Commissions/[sirC] Koruri Attack! by Moroha.jpg,49.1,K
sirC Commissions/[sirC] Summer Suspense Theater by Moroha.jpg,46.95,K
sirC Commissions/[sirC] Holy Stone by Ogawa Kanran.jpg,44.2,K
sirC Commissions/[sirC] A Brother's Request by Atori K.jpg,43.59,K
sirC Commissions/[sirC] Permanent Girl by Minazuki Tsuyuha.jpg,43.37,K
sirC Commissions/[sirC] Mom's Vitamin by Minako Nami.jpg,42.79,K
sirC Commissions/[sirC] Jagged Mountain by CHISE Toshiaki.jpg,42.4,K
sirC Commissions/[sirC] Using the Toilet! by Takanori Kiriri.jpg,42.31,K
sirC Commissions/[sirC] Spanking Week by Usakun.jpg,42.25,K
sirC Commissions/[sirC] Steel Mayonnaise 9 by Higuchi Isami.jpg,41.74,K
sirC Commissions/[sirC] Minami no by Takurou.jpg,41.62,K
sirC Commissions/[sirC] Escape by Okano Hajime.jpg,40.33,K
sirC Commissions/[sirC] Manga Fairy Tales 2 by Kondom.jpg,39.72,K
sirC Commissions/[sirC] Bad Girl by Akira Araki.jpg,39.44,K
sirC Commissions/[sirC] Window Peep Show by Ogawa Kanran.jpg,39.14,K
sirC Commissions/[sirC] The Cherry Boys by Rio Yanagawa.jpg,38.77,K
sirC Commissions/[sirC] Midnight Escalator by Ariko Youichi and Miyasu Risa.jpg,38.66,K
sirC Commissions/[sirC] Tiger and Flower Days by Jinbo Hitode.jpg,38.47,K
sirC Commissions/[sirC] The Secret Base Behind the Company Condos on Third Street by Miyauchi Yuka.jpg,37.92,K
sirC Commissions/[sirC] Maji Love by mil.jpg,37.53,K
sirC Commissions/[sirC] The Mansion of No Return by Menou Kuroiwa.jpg,36.75,K
sirC Commissions/[sirC] With the Female Soldier by Nora Higuma.jpg,35.85,K
sirC Commissions/[sirC] Trauma by Kei Nakanoo.jpg,35.69,K
sirC Commissions/[sirC] Feverish Afternoon by Ogawa Kanran.jpg,34.76,K
"sirC Commissions/[sirC] Wedding Anniversary, Safe Day by Usakun.jpg",34.45,K
sirC Commissions/[sirC] Secret Room by Senju Rion.jpg,34.34,K
sirC Commissions/[sirC] Southern Cross! by tokyo.jpg,34.07,K
sirC Commissions/[sirC] Yearning by Nitta Jun.jpg,33.93,K
sirC Commissions/[sirC] An Angel Through a Lens by Isawa Noori.jpg,33.64,K
sirC Commissions/[sirC] Image Child - Punishment by Yoriu Mushi.jpg,33.61,K
sirC Commissions/[sirC] Wide Open Hole by Nekomori Maririn.jpg,33.54,K
sirC Commissions/[sirC] Mom's Art Class by Nekomata Naomi.jpg,32.54,K
sirC Commissions/[sirC] Traumerei by Nendo.jpg,31.72,K
sirC Commissions/[sirC] Condition Green by Hokama Mitsuri.jpg,31.69,K
sirC Commissions/[sirC] Adult Studies by PURUpyon Saitou.jpg,31.65,K
sirC Commissions/[sirC] Parental Responsibility by Minami Katsumi.jpg,31.57,K
sirC Commissions/[sirC] First Lesson by Sada Kouji.jpg,31.28,K
sirC Commissions/[sirC] Love's Day Off by Minion.jpg,31.03,K
sirC Commissions/[sirC] m.s. by Ayano Naoto.jpg,30.66,K
sirC Commissions/[sirC] The Melancholy of Claes by raita.jpg,29.67,K
sirC Commissions/[sirC] Mio Dukushi by Mutsuki Ginji.jpg,28.73,K
sirC Commissions/[sirC] Adoration by PURUpyon Saitou.jpg,28.23,K
sirC Commissions/[sirC] Love's Classroom by Minion.jpg,27.62,K
"sirC Commissions/[sirC] Teach me, Teacher by Atori K.jpg",27.07,K
sirC Commissions/[sirC] Natalie and Zekurosu by Mikoto.jpg,23.46,K
sirC Commissions/[sirC] To the Sound of Rain by Hoshino Fuuta.jpg,15.6,K
sirC Commissions/[sirC] The Cherry Boys by Rio Yanagawa.txt,1.24,K
sirC Commissions/[sirC] Undead Princess by Mochi.txt,661,B
sirC Commissions/[sirC] Permanent Girl by Minazuki Tsuyuha.txt,627,B
sirC Commissions/[sirC] To the Sound of Rain by Hoshino Fuuta.txt,554,B
sirC Commissions/[sirC] Traumerei by Nendo.txt,540,B
sirC Commissions/[sirC] Adoration by PURUpyon Saitou.txt,404,B
sirC Commissions/[sirC] Parental Responsibility by Minami Katsumi.txt,361,B
sirC Commissions/[sirC] Feverish Afternoon by Ogawa Kanran.txt,358,B
sirC Commissions/[sirC] Mio Dukushi by Mutsuki Ginji.txt,356,B
sirC Commissions/[sirC] Yearning by Nitta Jun.txt,355,B
sirC Commissions/[sirC] m.s. by Ayano Naoto.txt,335,B
sirC Commissions/[sirC] A Little Adventure & Super Secret Sleepover Party by R Koga.txt,328,B
sirC Commissions/[sirC] Tiger and Flower Days by Jinbo Hitode.txt,316,B
sirC Commissions/[sirC] A Brother's Request by Atori K.txt,305,B
sirC Commissions/[sirC] Southern Cross! by tokyo.txt,302,B
sirC Commissions/[sirC] Minami no by Takurou.txt,268,B
sirC Commissions/[sirC] Spanking Week by Usakun.txt,262,B
sirC Commissions/[sirC] An Angel Through a Lens by Isawa Noori.txt,245,B
sirC Commissions/[sirC] Wide Open Hole by Nekomori Maririn.txt,243,B
sirC Commissions/[sirC] Mom's Art Class by Nekomata Naomi.txt,241,B
sirC Commissions/[sirC] Summer Suspense Theater by Moroha.txt,241,B
sirC Commissions/[sirC] Love's Classroom by Minion.txt,232,B
sirC Commissions/[sirC] The Melancholy of Claes by raita.txt,218,B
sirC Commissions/[sirC] Koruri Attack! by Moroha.txt,214,B
sirC Commissions/[sirC] Natalie and Zekurosu by Mikoto.txt,213,B
sirC Commissions/[sirC] Using the Toilet! by Takanori Kiriri.txt,207,B
sirC Commissions/[sirC] With the Female Soldier by Nora Higuma.txt,204,B
sirC Commissions/[sirC] The Mansion of No Return by Menou Kuroiwa.txt,192,B
"sirC Commissions/[sirC] Wedding Anniversary, Safe Day by Usakun.txt",186,B
sirC Commissions/[sirC] Steel Mayonnaise 9 by Higuchi Isami.txt,172,B
sirC Commissions/[sirC] The Secret Base Behind the Company Condos on Third Street by Miyauchi Yuka.txt,168,B
sirC Commissions/[sirC] Escape by Okano Hajime.txt,165,B
sirC Commissions/[sirC] Holy Stone by Ogawa Kanran.txt,162,B
sirC Commissions/[sirC] Jagged Mountain by CHISE Toshiaki.txt,154,B
sirC Commissions/[sirC] Window Peep Show by Ogawa Kanran.txt,150,B
sirC Commissions/[sirC] First Lesson by Sada Kouji.txt,145,B
sirC Commissions/[sirC] Image Child - Punishment by Yoriu Mushi.txt,144,B
sirC Commissions/[sirC] Secret Room by Senju Rion.txt,139,B
sirC Commissions/[sirC] Condition Green by Hokama Mitsuri.txt,132,B
sirC Commissions/[sirC] Train Beat by Nikusyo.txt,132,B
sirC Commissions/[sirC] Adult Studies by PURUpyon Saitou.txt,132,B
sirC Commissions/[sirC] Manga Fairy Tales 2 by Kondom.txt,130,B
sirC Commissions/[sirC] Mom's Vitamin by Minako Nami.txt,126,B
sirC Commissions/[sirC] Love's Day Off by Minion.txt,126,B
sirC Commissions/[sirC] Maji Love by mil.txt,112,B
sirC Commissions/[sirC] Trauma by Kei Nakanoo.txt,106,B
sirC Commissions/[sirC] Bad Girl by Akira Araki.txt,106,B
sirC Commissions/[sirC] This Month's Doggie. by Usakun.txt,82,B
"sirC Commissions/[sirC] Teach me, Teacher by Atori K.txt",48,B
sirC Commissions/[sirC] Midnight Escalator by Ariko Youichi and Miyasu Risa.txt,40,B
sirC Translations/[sirC] Doutei Hakusho by Juan Gotoh.zip,104.17,M
sirC Translations/[sirC] Doutei Jirushi by Juan Gotoh.zip,96.99,M
sirC Translations/[sirC] Doutei Kaikin by Juan Gotoh.zip,87.38,M
sirC Translations/[sirC] Boys' Empire by Juan Gotoh.zip,80.33,M
"sirC Translations/[sirC] Three People, Three Months by Juan Gotoh.zip",20.94,M
sirC Translations/[sirC] Tama from Third Street by Mikami Cannon.zip,18.31,M
sirC Translations/[sirC] Falling Rain by Takenoko Seijin.zip,15.25,M
sirC Translations/[sirC] Bright and Sunny Haruno by Haganema.zip,11.51,M
sirC Translations/[sirC] Magical Girl Melon by Juan Gotoh.zip,11.48,M
sirC Translations/[sirC] Lazy Summer by SUKAPON-DO.zip,11.22,M
sirC Translations/[sirC] Taking Shelter by Juan Gotoh.zip,10.11,M
sirC Translations/[sirC] Poker Face in Love by Yukishiro Yoshi.zip,9.75,M
sirC Translations/[sirC] Threesome by Juan Gotoh.zip,9.72,M
sirC Translations/[sirC] Take Off Your Skin by Juan Gotoh.zip,9.31,M
sirC Translations/[sirC] Hot Drunk Sister by Juan Gotoh.zip,8.82,M
sirC Translations/[sirC] Honey Trap by Tsukino Jyogi.zip,8.64,M
sirC Translations/[sirC] My Little Sister's a Bitch by Juan Gotoh.zip,8.63,M
sirC Translations/[sirC] A Woman's Weapon by Juan Gotoh.zip,8.62,M
sirC Translations/[sirC] Dropped Date by Juan Gotoh.zip,8.51,M
sirC Translations/[sirC] I WIll Go to School by Yoshino.zip,8.33,M
sirC Translations/[sirC] Cherry Blossoms&Sake&Love by Mikami Cannon.zip,7.95,M
sirC Translations/[sirC] Her and My First Sexual Experience by Juan Gotoh.zip,7.95,M
sirC Translations/[sirC] Sex Ed Practice by Juan Gotoh.zip,7.85,M
sirC Translations/[sirC] Childhood's End - Book 1 by Juan Gotoh.zip,7.62,M
sirC Translations/[sirC] Mushroom Party by Juan Gotoh.zip,7.51,M
sirC Translations/[sirC] Everyday at the Hattori Detective Office by Juan Gotoh.zip,7.44,M
sirC Translations/[sirC] Masegaki Education by Shiden Akira.zip,7.4,M
sirC Translations/[sirC] My Neighbor Wakui-san by Shiden Akira.zip,7.26,M
sirC Translations/[sirC] Back to the Teacher by Juan Gotoh.zip,7.22,M
sirC Translations/[sirC] Uiharu's Serving Satisfaction by Harukigenia (Raijinkai).zip,6.93,M
sirC Translations/[sirC] Room 203's Love Story by Mikami Canon.zip,6.92,M
sirC Translations/[sirC] Nee-chan's Chocolate by Juan Gotoh.zip,6.78,M
sirC Translations/[sirC] Chinatsu's Sea by Shiden Akira.zip,6.68,M
sirC Translations/[sirC] Together with Mom by Juan Gotoh.zip,6.62,M
sirC Translations/[sirC] Aroma Blend by Mikami Cannon.zip,6.56,M
sirC Translations/[sirC] Back to Nee-chan by Rate.zip,6.09,M
sirC Translations/[sirC] Kotatsu by Juan Gotoh.zip,5.87,M
sirC Translations/[sirC] Capture by Igarashi Teru.zip,5.81,M
sirC Translations/[sirC] One Fun Sunday by Juan Gotoh.zip,5.62,M
sirC Translations/[sirC] Onee-chan Exclusive by Isorashi.zip,5.02,M
sirC Translations/[sirC] Reminiscence by Mikami Cannon.zip,4.64,M
"sirC Translations/[sirC] Mama, My Penis Is--! by Juan Gotoh.zip",3.98,M
sirC Translations/[sirC] Nagisa no Kagikakko - Pretty Cure Doujinshi.zip,3.85,M
sirC Translations/[sirC] Private Tutor Nami - Do Even Better by Jonokuchi Joji.zip,3.32,M
sirC Translations/[sirC] Little Brother Improvement Project by Juan Gotoh.zip,2.65,M
sirC Translations/[sirC] Even If It's Like That by Juan Gotoh.zip,2.46,M
sirC Translations/[sirC] Tomomi Doing Her Best! by Mikami Cannon.zip,2.3,M
sirC Translations/[sirC] Private Tutor Nami - Do Your Best by Jonokuchi Joji.zip,2.26,M
sirC Translations/[sirC] Android HANA by Juan Gotoh.zip,526.54,K
sirC Translations/[sirC] Tomomi Doing Her Best! by Mikami Cannon.jpg,57.47,K
sirC Translations/[sirC] Dropped Date by Juan Gotoh.jpg,56.97,K
sirC Translations/[sirC] One Fun Sunday by Juan Gotoh.jpg,55.83,K
sirC Translations/[sirC] Everyday at the Hattori Detective Office by Juan Gotoh.jpg,54.67,K
sirC Translations/[sirC] Onee-chan Exclusive by Isorashi.jpg,54.25,K
"sirC Translations/[sirC] Three People, Three Months by Juan Gotoh.jpg",52.63,K
sirC Translations/[sirC] Kotatsu by Juan Gotoh.jpg,51.65,K
sirC Translations/[sirC] Nagisa no Kagikakko - Pretty Cure Doujinshi.jpg,50.98,K
sirC Translations/[sirC] Masegaki Education by Shiden Akira.jpg,50.02,K
sirC Translations/[sirC] Nee-chan's Chocolate by Juan Gotoh.jpg,49.97,K
sirC Translations/[sirC] Magical Girl Melon by Juan Gotoh.jpg,49.35,K
sirC Translations/[sirC] Her and My First Sexual Experience by Juan Gotoh.jpg,48.89,K
sirC Translations/[sirC] Taking Shelter by Juan Gotoh.jpg,48.82,K
sirC Translations/[sirC] Back to the Teacher by Juan Gotoh.jpg,48.68,K
sirC Translations/[sirC] Chinatsu's Sea by Shiden Akira.jpg,47.38,K
sirC Translations/[sirC] Doutei Kaikin by Juan Gotoh.jpg,47.07,K
sirC Translations/[sirC] Hot Drunk Sister by Juan Gotoh.jpg,46.85,K
sirC Translations/[sirC] Capture by Igarashi Teru.jpg,46.62,K
sirC Translations/[sirC] Take Off Your Skin by Juan Gotoh.jpg,46.61,K
sirC Translations/[sirC] My Neighbor Wakui-san by Shiden Akira.jpg,44.98,K
sirC Translations/[sirC] Together with Mom by Juan Gotoh.jpg,44.05,K
sirC Translations/[sirC] Cherry Blossoms&Sake&Love by Mikami Cannon.jpg,43.38,K
"sirC Translations/[sirC] Mama, My Penis Is--! by Juan Gotoh.jpg",42.35,K
sirC Translations/[sirC] Uiharu's Serving Satisfaction by Harukigenia (Raijinkai).jpg,41.92,K
sirC Translations/[sirC] Falling Rain by Takenoko Seijin.jpg,39.9,K
sirC Translations/[sirC] Little Brother Improvement Project by Juan Gotoh.jpg,39.66,K
sirC Translations/[sirC] My Little Sister's a Bitch by Juan Gotoh.jpg,39.2,K
sirC Translations/[sirC] Lazy Summer by SUKAPON-DO.jpg,38.82,K
sirC Translations/[sirC] I Will Go to School by Yoshino.jpg,38.8,K
sirC Translations/[sirC] Reminiscence by Mikami Cannon.jpg,37.62,K
sirC Translations/[sirC] Honey Trap by Tsukino Jyogi.jpg,37.57,K
sirC Translations/[sirC] Bright and Sunny Haruno by Haganema.jpg,36.35,K
sirC Translations/[sirC] A Woman's Weapon by Juan Gotoh.jpg,34.93,K
sirC Translations/[sirC] Childhood's End - Book 1 by Juan Gotoh.jpg,34.87,K
sirC Translations/[sirC] Doutei Jirushi by Juan Gotoh.jpg,34.8,K
sirC Translations/[sirC] Back to Nee-chan by Rate.jpg,34.5,K
sirC Translations/[sirC] Mushroom Party by Juan Gotoh.jpg,34.16,K
sirC Translations/[sirC] Room 203's Love Story by Mikami Canon.jpg,33.54,K
sirC Translations/[sirC] Tama from Third Street by Mikami Cannon.jpg,33.54,K
sirC Translations/[sirC] Sex Ed Practice by Juan Gotoh.jpg,33.14,K
sirC Translations/[sirC] Threesome by Juan Gotoh.jpg,33.08,K
sirC Translations/[sirC] Poker Face in Love by Yukishiro Yoshi.jpg,33,K
sirC Translations/[sirC] Even If It's Like That by Juan Gotoh.jpg,32.33,K
sirC Translations/[sirC] Private Tutor Nami - Do Even Better by Jonokuchi Joji.jpg,32.21,K
sirC Translations/[sirC] Aroma Blend by Mikami Cannon.jpg,32.17,K
sirC Translations/[sirC] Doutei Hakusho by Juan Gotoh.jpg,30.03,K
sirC Translations/[sirC] Private Tutor Nami - Do Your Best by Jonokuchi Joji.jpg,28.25,K
sirC Translations/[sirC] Android HANA by Juan Gotoh.jpg,25.7,K
sirC Translations/[sirC] Boys' Empire by Juan Gotoh.jpg,22.74,K
sirC Translations/[sirC] Doutei Hakusho by Juan Gotoh.txt,4.57,K
sirC Translations/[sirC] Doutei Kaikin by Juan Gotoh.txt,4.49,K
sirC Translations/[sirC] Doutei Jirushi by Juan Gotoh.txt,3.43,K
sirC Translations/[sirC] Boys' Empire by Juan Gotoh.txt,2.22,K
sirC Translations/[sirC] Tama from Third Street by Mikami Cannon.txt,1.24,K
sirC Translations/[sirC] Together with Mom by Juan Gotoh.txt,1.16,K
sirC Translations/[sirC] Android HANA by Juan Gotoh.txt,784,B
sirC Translations/[sirC] Falling Rain by Takenoko Seijin.txt,777,B
sirC Translations/[sirC] Childhood's End - Book 1 by Juan Gotoh.txt,777,B
sirC Translations/[sirC] Capture by Igarashi Teru.txt,709,B
sirC Translations/[sirC] Bright and Sunny Haruno by Haganema.txt,686,B
sirC Translations/[sirC] Honey Trap by Tsukino Jyogi.txt,647,B
sirC Translations/[sirC] Uiharu's Serving Satisfaction by Harukigenia (Raijinkai).txt,630,B
sirC Translations/[sirC] Nagisa no Kagikakko - Pretty Cure Doujinshi.txt,601,B
sirC Translations/[sirC] One Fun Sunday by Juan Gotoh.txt,587,B
sirC Translations/[sirC] Mushroom Party by Juan Gotoh.txt,583,B
sirC Translations/[sirC] Threesome by Juan Gotoh.txt,566,B
"sirC Translations/[sirC] Three People, Three Months by Juan Gotoh.txt",544,B
sirC Translations/[sirC] Reminiscence by Mikami Cannon.txt,459,B
sirC Translations/[sirC] My Little Sister's a Bitch by Juan Gotoh.txt,452,B
sirC Translations/[sirC] Dropped Date by Juan Gotoh.txt,416,B
sirC Translations/[sirC] Onee-chan Exclusive by Isorashi.txt,405,B
sirC Translations/[sirC] Tomomi Doing Her Best! by Mikami Cannon.txt,401,B
sirC Translations/[sirC] Lazy Summer by SUKAPON-DO.txt,395,B
sirC Translations/[sirC] Chinatsu's Sea by Shiden Akira.txt,379,B
sirC Translations/[sirC] Poker Face in Love by Yukishiro Yoshi.txt,367,B
sirC Translations/[sirC] Everyday at the Hattori Detective Office by Juan Gotoh.txt,338,B
sirC Translations/[sirC] Cherry Blossoms&Sake&Love by Mikami Cannon.txt,321,B
sirC Translations/[sirC] Magical Girl Melon by Juan Gotoh.txt,320,B
sirC Translations/[sirC] Nee-chan's Chocolate by Juan Gotoh.txt,295,B
sirC Translations/[sirC] Take Off Your Skin by Juan Gotoh.txt,291,B
sirC Translations/[sirC] A Woman's Weapon by Juan Gotoh.txt,285,B
sirC Translations/[sirC] Aroma Blend by Mikami Cannon.txt,280,B
sirC Translations/[sirC] Masegaki Education by Shiden Akira.txt,257,B
sirC Translations/[sirC] I Will Go to School by Yoshino.txt,244,B
sirC Translations/[sirC] Private Tutor Nami - Do Even Better by Jonokuchi Joji.txt,240,B
sirC Translations/[sirC] Even If It's Like That by Juan Gotoh.txt,238,B
sirC Translations/[sirC] Back to Nee-chan by Rate.txt,237,B
sirC Translations/[sirC] Back to the Teacher by Juan Gotoh.txt,224,B
sirC Translations/[sirC] Private Tutor Nami - Do Your Best by Jonokuchi Joji.txt,218,B
sirC Translations/[sirC] Hot Drunk Sister by Juan Gotoh.txt,196,B
sirC Translations/[sirC] Little Brother Improvement Project by Juan Gotoh.txt,164,B
sirC Translations/[sirC] Her and My First Sexual Experience by Juan Gotoh.txt,154,B
sirC Translations/[sirC] Kotatsu by Juan Gotoh.txt,150,B
"sirC Translations/[sirC] Mama, My Penis Is--! by Juan Gotoh.txt",136,B
sirC Translations/[sirC] Room 203's Love Story by Mikami Canon.txt,110,B
sirC Translations/[sirC] Sex Ed Practice by Juan Gotoh.txt,98,B
sirC Translations/[sirC] My Neighbor Wakui-san by Shiden Akira.txt,70,B
sirC Translations/[sirC] Taking Shelter by Juan Gotoh.txt,68,B
changelog.txt,4.36,K
notes.txt,1.91,K
