Filename,Size,Unit
seizoen 3 DVD3.ISO,4.36,G
