Filename,Size,Unit
Dushman Mera - Don 2 (2011) Extended Promo 720p (www.mastitorrents.com).avi,37.16,M
www.mastitorrents.com.txt,461,B
-=MTR=- [Masti Torrents Releasers].txt,175,B
