Filename,Size,Unit
Mystery of the Anasazi.avi,652.2,M
Mystery of the Copper Scroll.avi,652.18,M
Mystery of the Rapa Nui.avi,651.85,M
The Lost City of Angkor Wat.avi,652.09,M
The Maya's.avi,652.25,M
The Tempeliers.avi,652.22,M
Torrent downloaded from Demonoid.com.txt,47,B
