Title,Type,Files,Size,IMDB,Spoken Languages,Texted Languages,Tags,Quality (+),Quality (-),Uploaded,By,User Type,Seeders,Leechers,Info Hash,Picture,Capture Date
When.the.Road.Bends.Tales.of.a.Gypsy.Caravan.2006.iNTERNAL.SUBBE,201,80,1.37 GiB (1474739084 Bytes),http://www.imdb.com/title/tt0412796/,,,,0,0,2011-08-30T09:15:24Z,sceneline,[V],1,1,5CB7EC04F6333C28323289C02E7B112982DED6F9,,2012-06-13T01:52:00Z
