Filename,Size,Unit
hid2b.avi,699.52,M
hid2b.avi_thumbs.jpg,1.01,M
hid2a.avi_thumbs.jpg,1020.6,K
hid2a.avi,702.79,M
front.jpg,88.82,K
back.jpg,113.03,K
