Filename,Size,Unit
THE AUSTRALIAN PINK FLOYD SHOW.avi,1.1,G
