Filename,Size,Unit
NFL Week13 12-05-2010 PIT at BAL.mp4,2.01,G
nflweek_img.jpg,26.35,K
i.nfo,3.52,K
