Filename,Size,Unit
James.Bond-For.Your.Eyes.Only.(1981).DVDRiP.XViD.Swesub.MovieCom.se.avi,1.4,G
