Title,Type,Files,Size,IMDB,Spoken Languages,Texted Languages,Tags,Quality (+),Quality (-),Uploaded,By,User Type,Seeders,Leechers,Info Hash,Picture,Capture Date
Facial Overload - Jynx Maze.avi,506,1,178.63 MiB (187308440 Bytes),,,,"""Oral"",""Facial"",""Cum-in-mouth"",""XXX"",""Adult""",0,0,2011-12-13T15:07:56Z,1.No.1,[V],3,0,7B50FE98C1D04C3D601F4384E48E649ACC7FA885,,2012-05-15T05:42:40Z
