Filename,Size,Unit
Natural.Killers.-.A.Life.With.Bears.[Swedish].DvdRip.XviD-KnÃ£.avi,896.25,M
