Filename,Size,Unit
NPW.nfo,3.23,K
OPEN and READ this before playing the Movie.txt,502,B
The Killer Inside Me 2010 BRRip XvidHD 720p-NPW-Sample.avi,27.01,M
The Killer Inside Me 2010 BRRip XvidHD 720p-NPW.avi,2.63,G
The Killer Inside Me 2010 BRRip XvidHD 720p-NPW.srt,117.65,K
www.TorrentDay.com.txt,502,B
