User Type,Username,Date,Text
,stijr,2011-10-20T15:30Z,"works fine!
thank you
and that was seriously fast :) thanks for that too"
