Filename,Size,Unit
13 Illest Motherf__ker Alive.mp3,19.46,M
16 The Joy (feat. Curtis Mayfield).mp3,12.38,M
10 Murder To Excellence.mp3,11.74,M
11 Made In America (feat. Frank Ocea.mp3,11.4,M
14 HÅÄÃ³aÅÄÃ³m.mp3,10.77,M
06 New Day.mp3,10.66,M
01 No Church In The Wild (feat. Fran.mp3,10.65,M
02 Lift Off (feat. BeyoncÃ©).mp3,10.41,M
09 Who Gon Stop Me.mp3,10.05,M
03 Ni__as In Paris.mp3,8.62,M
Digital Booklet - Watch The Throne.pdf,8.41,M
07 That's My Bitch.mp3,7.98,M
12 Why I Love You (feat. Mr Hudson).mp3,7.94,M
15 Primetime.mp3,7.86,M
04 Otis (feat. Otis Redding).mp3,7.05,M
08 Welcome To The Jungle.mp3,6.9,M
05 Gotta Have It.mp3,5.62,M
