Filename,Size,Unit
BBC.Earth.Frozen.Planet.2011.1080.MKV.X264.Multi.Audio.NL.Subs/Frozen Planet 7 - On Thin Ice/Frozen Planet  7 - On Thin Ice - 1080x264.Mkv.NL/On Thin Ice.mkv,4.15,G
BBC.Earth.Frozen.Planet.2011.1080.MKV.X264.Multi.Audio.NL.Subs/Frozen Planet 4 - Herfst/Frozen Planet 4 - Herfst - 1080x264.Mkv.NL/Herfst.mkv,4.12,G
BBC.Earth.Frozen.Planet.2011.1080.MKV.X264.Multi.Audio.NL.Subs/Frozen Planet 2 - Lente/Frozen Planet 2 - Lente - 1080x264.Mkv.NL/Lente.mkv,4.12,G
BBC.Earth.Frozen.Planet.2011.1080.MKV.X264.Multi.Audio.NL.Subs/Frozen Planet 3 - Zomer/Frozen Planet 3 - Zomer - 1080x264.Mkv.NL/Zomer.mkv,4.11,G
BBC.Earth.Frozen.Planet.2011.1080.MKV.X264.Multi.Audio.NL.Subs/Frozen Planet 5 - Winter/Frozen Planet 5 - Winter - 1080x264.Mkv.NL/Winter.mkv,4.11,G
BBC.Earth.Frozen.Planet.2011.1080.MKV.X264.Multi.Audio.NL.Subs/Frozen Planet 1 - Het einde der aarde/Frozen Planet 1 - Het einde der aarde - 1080x264.Mkv.NL/1 - Het einde der aarde.mkv,4.1,G
BBC.Earth.Frozen.Planet.2011.1080.MKV.X264.Multi.Audio.NL.Subs/Frozen Planet 6 - De Laatste BarriÃ¨re/Frozen Planet  6 - De Laatste BarriÃ¨re - 1080x264.Mkv.NL/De Laatste BarriÃ¨re.mkv,4.05,G
BBC.Earth.Frozen.Planet.2011.1080.MKV.X264.Multi.Audio.NL.Subs/Frozen Planet - De Extra/Frozen Planet - De Extra - 1080x264.Mkv.NL.subs/03 - Living On The Edge.mkv,859.75,M
BBC.Earth.Frozen.Planet.2011.1080.MKV.X264.Multi.Audio.NL.Subs/Frozen Planet - De Extra/Frozen Planet - De Extra - 1080x264.Mkv.NL.subs/06 - Going With The Flow.mkv,858.98,M
BBC.Earth.Frozen.Planet.2011.1080.MKV.X264.Multi.Audio.NL.Subs/Frozen Planet - De Extra/Frozen Planet - De Extra - 1080x264.Mkv.NL.subs/05 - Gone With The Wind.mkv,812.2,M
BBC.Earth.Frozen.Planet.2011.1080.MKV.X264.Multi.Audio.NL.Subs/Frozen Planet - De Extra/Frozen Planet - De Extra - 1080x264.Mkv.NL.subs/01 - The Emperors Return.mkv,793.78,M
BBC.Earth.Frozen.Planet.2011.1080.MKV.X264.Multi.Audio.NL.Subs/Frozen Planet - De Extra/Frozen Planet - De Extra - 1080x264.Mkv.NL.subs/04 - Secrets Of The Vulcano.mkv,792.83,M
BBC.Earth.Frozen.Planet.2011.1080.MKV.X264.Multi.Audio.NL.Subs/Frozen Planet - De Extra/Frozen Planet - De Extra - 1080x264.Mkv.NL.subs/02 - Wolves Of Winter.mkv,791.74,M
BBC.Earth.Frozen.Planet.2011.1080.MKV.X264.Multi.Audio.NL.Subs.nfo,3.33,K
Torrent Downloaded From ExtraTorrent.com.txt,353,B
Torrent downloaded from AhaShare.com.txt,58,B
Torrent downloaded from Demonoid.me.txt,46,B
Torrent Downloaded from TorrentState.com.txt,46,B
Torrent downloaded from Rarbg.com.txt,33,B
Torrent downloaded from silvertorrents.me.txt,29,B
tracked_by_h33t_com.txt,23,B
