Title,Type,Files,Size,IMDB,Spoken Languages,Texted Languages,Tags,Quality (+),Quality (-),Uploaded,By,User Type,Seeders,Leechers,Info Hash,Picture,Capture Date
Lisa (Housewife Anal),506,1,242.76 MiB (254553518 Bytes),,,,,1,0,2011-11-08T12:21:02Z,chkm8te,[V],1,1,8EBE27D27E09AE29FEF0ECC10B58D8462BD9F93C,,2012-05-19T08:40:19Z
