User Type,Username,Date,Text
,devpat,2011-04-10T22:51Z,"thanks. good quality and audio video both good.
worth downloading.
 A-10
V-10
M-7.5
THANKS AGAIN :)"
