Title,Type,Files,Size,IMDB,Spoken Languages,Texted Languages,Tags,Quality (+),Quality (-),Uploaded,By,User Type,Seeders,Leechers,Info Hash,Picture,Capture Date
The Tea Party - Live Intimate & Interactive (2007),203,18,1.14 GiB (1221662554 Bytes),,,,"""tea party"",""rock"",""much music"",""canada""",0,0,2011-07-31T02:01:57Z,mycologist,,2,3,B6B63D33929A15B5DFCE925E3ECEEAC7013CAB25,http://image.bayimg.com/pajobaadf.jpg,2012-06-14T17:03:13Z
