Filename,Size,Unit
bov-mma.live.2010.12.30.hdtv.xvid.avi,373.72,M
bov-mma.live.2010.12.30.hdtv.xvid.nfo,9.29,K
Please Read This Guide Now.txt,493,B
www.Torrentday.com.txt,493,B
