Title,Type,Files,Size,IMDB,Spoken Languages,Texted Languages,Tags,Quality (+),Quality (-),Uploaded,By,User Type,Seeders,Leechers,Info Hash,Picture,Capture Date
Blood.Moon.Rising.2009.DVDRip.XviD-NoGRP,201,3,706.64 MiB (740966140 Bytes),,,,,0,0,2011-03-30T20:20:44Z,sceneline,[V],0,2,F70C99929457A95365DD1AD8ACB39CD04275782C,,2012-06-24T20:26:01Z
