User Type,Username,Date,Text
,007rambo007,2012-01-10T22:26Z,thanks for all these :D
