Filename,Size,Unit
escape.to.the.country.s11e32.webrip.xvid-w4f.nfo,830,B
escape.to.the.country.s11e32.webrip.xvid-w4f.part01.rar,19.07,M
escape.to.the.country.s11e32.webrip.xvid-w4f.part02.rar,19.07,M
escape.to.the.country.s11e32.webrip.xvid-w4f.part03.rar,19.07,M
escape.to.the.country.s11e32.webrip.xvid-w4f.part04.rar,19.07,M
escape.to.the.country.s11e32.webrip.xvid-w4f.part05.rar,19.07,M
escape.to.the.country.s11e32.webrip.xvid-w4f.part06.rar,19.07,M
escape.to.the.country.s11e32.webrip.xvid-w4f.part07.rar,19.07,M
escape.to.the.country.s11e32.webrip.xvid-w4f.part08.rar,19.07,M
escape.to.the.country.s11e32.webrip.xvid-w4f.part09.rar,19.07,M
escape.to.the.country.s11e32.webrip.xvid-w4f.part10.rar,19.07,M
escape.to.the.country.s11e32.webrip.xvid-w4f.part11.rar,19.07,M
escape.to.the.country.s11e32.webrip.xvid-w4f.part12.rar,19.07,M
escape.to.the.country.s11e32.webrip.xvid-w4f.part13.rar,19.07,M
escape.to.the.country.s11e32.webrip.xvid-w4f.part14.rar,19.07,M
escape.to.the.country.s11e32.webrip.xvid-w4f.part15.rar,19.07,M
escape.to.the.country.s11e32.webrip.xvid-w4f.part16.rar,19.07,M
escape.to.the.country.s11e32.webrip.xvid-w4f.part17.rar,19.07,M
escape.to.the.country.s11e32.webrip.xvid-w4f.part18.rar,19.07,M
escape.to.the.country.s11e32.webrip.xvid-w4f.part19.rar,6.76,M
escape.to.the.country.s11e32.webrip.xvid-w4f.sfv,1.22,K
Read this before playing this Video .txt,138,B
torrent downloaded from www.scenetime.com.txt,138,B
