Title,Type,Files,Size,IMDB,Spoken Languages,Texted Languages,Tags,Quality (+),Quality (-),Uploaded,By,User Type,Seeders,Leechers,Info Hash,Picture,Capture Date
Russian teen couple,506,1,324.34 MiB (340094571 Bytes),,,,,0,1,2011-09-07T00:26:25Z,sunoon88,,0,0,78E90356A3D11EF0C465A370BEF60CFD201064BE,,2012-06-12T15:40:07Z
