Filename,Size,Unit
Machete.2010.SWESUB.720p.BluRay.x264-Integrity.mkv,4.37,G
Dreamseed.nu.txt,47,B
