Filename,Size,Unit
0.jpg,431.7,K
1.jpg,384.21,K
screens.jpg,1.37,M
sindy_2500K.wmv,640.09,M
