Filename,Size,Unit
"DMT NFO, Read before Playing.txt",1.54,K
Friends with benefits (2011) R5 (xvid) Nl Subs.DMT.torrent,36.06,K
Let Me In (2010) Rental DD5_1 (xvid)NL Subs DMT.avi,700.01,M
Torrent downloaded from Demonoid.me.txt,46,B
