Title,Type,Files,Size,IMDB,Spoken Languages,Texted Languages,Tags,Quality (+),Quality (-),Uploaded,By,User Type,Seeders,Leechers,Info Hash,Picture,Capture Date
Warcraft 2 - Tides Of Darkness + Official Expansion-pack - 1995 ,401,1,1018.61 MiB (1068087704 Bytes),,,,"""warcraft"",""warcraft 2"",""tides of darkness"",""games"",""iso"",""btw""",2,0,2011-04-01T12:48:21Z,BackToWeb,,27,2,CE1CCC1D9E1AF0CC82AC62B7B54520AA335A7135,,2012-06-24T18:22:19Z
