Filename,Size,Unit
Blade/sample/sample.mkv,15.82,M
Blade/Blade.mkv,1.2,G
Blade/cover2.jpg,309.71,K
Blade/cover1.jpg,153.38,K
Blade 2/sample/sample.mkv,14.57,M
Blade 2/Blade 2.mkv,1.1,G
Blade 2/cover2.jpg,323.31,K
Blade 2/cover1.jpg,128.95,K
Blade Trinity/sample/sample.mkv,14.34,M
Blade Trinity/blade trinity.mkv,1.1,G
Blade Trinity/cover2.jpg,427.47,K
Blade Trinity/cover1.jpg,82.8,K
latest nfo for HDScene.nfo,6.88,K
SceneUnderground.nfo,6.83,K
HDScene - sceneunderground.org.txt,160,B
blazinseedboxes..txt,84,B
Torrent downloaded from AhaShare.com.txt,59,B
Torrent Downloaded from TorrentState.com.txt,46,B
Torrent downloaded from httpwww.Demonoid.me.txt,46,B
