Filename,Size,Unit
Extreme.Couponing.S03E04.All-Stars.Antoinette.vs.Judy.HDTV.XviD-LMAO.avi,174.95,M
