Filename,Size,Unit
1944_TheLady&TheMonster.avi,709.69,M
