Title,Type,Files,Size,IMDB,Spoken Languages,Texted Languages,Tags,Quality (+),Quality (-),Uploaded,By,User Type,Seeders,Leechers,Info Hash,Picture,Capture Date
Saw The Final Chapter 2010 DVDRip XviD-ViP3R,201,3,714.1 MiB (748791045 Bytes),http://www.imdb.com/title/tt1477076/,English,,,0,0,2011-01-29T00:39:59Z,neon,[V],3,1,E70AE5E544F7B3100887F20820D0D531EA32DC40,http://image.bayimg.com/oadbbaadj.jpg,2012-06-28T16:44:43Z
