Filename,Size,Unit
6000_3686_2000.wmv,400.04,M
