Title,Type,Files,Size,IMDB,Spoken Languages,Texted Languages,Tags,Quality (+),Quality (-),Uploaded,By,User Type,Seeders,Leechers,Info Hash,Picture,Capture Date
Suhana Pic-sasural genda phool,603,1,77.92 KiB (79786 Bytes),,,,,0,0,2011-04-12T15:22:52Z,vandana,,1,0,E1863C7F74FD88A50DC37192ADF5319F22A231BA,,2012-06-22T20:56:29Z
