Filename,Size,Unit
DJ Antonin part 1 of 2 - DJsounds Show 2011.mp4,228.86,M
DJ Antonin part 2 of 2 - DJsounds Show 2011.mp4,228.42,M
3-antonin.jpg,38.53,K
hOuSe_tEaM.txt,21.75,K
