Filename,Size,Unit
XIII..2011.S01E10.FRENCH.HDTV.Gillop.avi,319.57,M
