Filename,Size,Unit
01.jpg,244.01,K
02.jpg,195.86,K
03.jpg,199.02,K
04.jpg,242.7,K
05.jpg,209.28,K
06.jpg,196.25,K
07.jpg,220.05,K
08.jpg,269.41,K
09.jpg,220.66,K
10.jpg,242.88,K
11.jpg,302.48,K
12.jpg,263.97,K
13.jpg,228.51,K
14.jpg,250.85,K
15.jpg,255.02,K
16d.jpg,248.48,K
17.jpg,259.35,K
18.jpg,287.33,K
19.jpg,277.47,K
20.jpg,274.17,K
21dd.jpg,263.02,K
22.jpg,196.02,K
23.jpg,226.78,K
24.jpg,199.74,K
25.jpg,231.55,K
6597012_cindy-hope_lily-love_djwft-pic8dd.jpg,240.28,K
Don't Just Watch Fuck Them - Lily Love and Cindy Hope.wmv,714,M
beautyful-girlfriends-fucked-01.jpg,198.41,K
beautyful-girlfriends-fucked-02.jpg,168.73,K
beautyful-girlfriends-fucked-03ddd.jpg,148.41,K
beautyful-girlfriends-fucked-04.jpg,174.49,K
beautyful-girlfriends-fucked-05.jpg,177.56,K
beautyful-girlfriends-fucked-06.jpg,183.38,K
beautyful-girlfriends-fucked-07.jpg,141.65,K
beautyful-girlfriends-fucked-08.jpg,167.29,K
beautyful-girlfriends-fucked-09.jpg,206.5,K
beautyful-girlfriends-fucked-10.jpg,194.96,K
beautyful-girlfriends-fucked-11.jpg,211.66,K
beautyful-girlfriends-fucked-12.jpg,209.52,K
beautyful-girlfriends-fucked-13.jpg,164.5,K
