Filename,Size,Unit
MA0911.pdf,4.08,M
