User Type,Username,Date,Text
,dymphie40,2011-08-22T18:38Z,bedankt superrrrrrrrrrrr
,MRFUNNYHAHA,2011-10-29T16:35Z,"Heheh, I frequently drive past Pontypool. I'll have to check this film out."
