Filename,Size,Unit
Venice Deluxe.zip,16.14,M
