Title,Type,Files,Size,IMDB,Spoken Languages,Texted Languages,Tags,Quality (+),Quality (-),Uploaded,By,User Type,Seeders,Leechers,Info Hash,Picture,Capture Date
Triple Homicide - Communion Fish,101,1,2.85 MiB (2990573 Bytes),,,,"""communion fish triple homicide""",0,0,2011-02-26T19:49:28Z,AsmodeusTripleHomicide,,0,0,F9E096A125FDDFD4CFFA77A25C785F65ADE07CF7,,2012-06-27T05:15:16Z
