Title,Type,Files,Size,IMDB,Spoken Languages,Texted Languages,Tags,Quality (+),Quality (-),Uploaded,By,User Type,Seeders,Leechers,Info Hash,Picture,Capture Date
Sonilems. Femjoy Pack (82).,503,381,355.9 MiB (373186632 Bytes),,,,"""Femjoy"",""Packs"",""Collection"",""Sets"",""Models"",""Babes"",""Hot"",""Sexy"",""Nude"",""jpg""",0,0,2010-12-21T02:59:39Z,sonilem,[V],1,3,030CCD0858B00339995F60DB6B18E3ADAC599C4B,,2012-06-30T11:02:52Z
