Filename,Size,Unit
No.Strings.Attached.2011.Swesub.DVDrip.Xvid.AC3-Haggebulle.avi,1.37,G
Seeda efter dej - Som TACK!.txt,32,B
