Title,Type,Files,Size,IMDB,Spoken Languages,Texted Languages,Tags,Quality (+),Quality (-),Uploaded,By,User Type,Seeders,Leechers,Info Hash,Picture,Capture Date
inXile Pack,407,8,57.86 MiB (60673706 Bytes),,,,"""inXile"",""IPhone"",""Games"",""Sparkworkz""",0,0,2011-07-21T01:47:32Z,LruteL,,0,0,6BA71FFEB44F50DADDFE32806AD6CB7C2287493C,,2012-06-15T04:54:24Z
