Filename,Size,Unit
Michael Jackson This Is It (2009) DVDRip XviD-MAXSPEED www.torentz.3xforum.ro.avi,1.36,G
