Title,Type,Files,Size,IMDB,Spoken Languages,Texted Languages,Tags,Quality (+),Quality (-),Uploaded,By,User Type,Seeders,Leechers,Info Hash,Picture,Capture Date
Contortionist - Jennifer White,506,2,847.03 MiB (888179436 Bytes),,,,,1,0,2011-01-26T13:51:52Z,Rabiner,,1,0,1ADBE192B7FB84A26F53F5DCCFE734329E9474F8,,2012-06-28T19:41:17Z
