User Type,Username,Date,Text
,Ronzelf,2011-08-08T16:50Z,Bedankt Marjanb
,de_spijker,2011-08-21T12:56Z,super.
