Title,Type,Files,Size,IMDB,Spoken Languages,Texted Languages,Tags,Quality (+),Quality (-),Uploaded,By,User Type,Seeders,Leechers,Info Hash,Picture,Capture Date
Peter Portrait Of A Killer 2011 DVDRip Xvid AC3 UnKnOwN,201,3,1.25 GiB (1344646855 Bytes),,,,,1,0,2011-10-17T09:27:48Z,LegendET,[V],5,1,52930191E5AAF22AC965089B8797F77E18D51918,,2012-05-24T10:00:54Z
