User Type,Username,Date,Text
,rajin.33,2011-03-05T16:40Z,Guys Plz seed baba! 
,rajin.33,2011-03-05T16:41Z,"Guys plz seed baba, and then I'll add more episodes !"
