Filename,Size,Unit
2004 - Demo '04/003 - Day In Black.mp3,6.79,M
2004 - Demo '04/002 - What We Once Called Home.mp3,3.97,M
2004 - Demo '04/001 - Dead Stale Endings.mp3,3.8,M
2005 - Doom (EP)/003 - Relinquished.mp3,11.33,M
2005 - Doom (EP)/005 - Suspended By The Throat.mp3,11.07,M
2005 - Doom (EP)/004 - Knee Deep.mp3,10.5,M
2005 - Doom (EP)/006 - The Rising Tide.mp3,9.84,M
2005 - Doom (EP)/002 - Entombment Of A Machine.mp3,9.62,M
2005 - Doom (EP)/007 - Entities (Bonus Track).mp3,3.8,M
2005 - Doom (EP)/001 - Catharsis For The Buried (Intro).mp3,2.31,M
2007 - Genesis/009 - The Divine Falsehood.mp3,8.63,M
2007 - Genesis/003 - Altered From Catechization.mp3,8.43,M
2007 - Genesis/005 - Embedded.mp3,7.14,M
2007 - Genesis/010 - Coalescing Prophecy.mp3,6.74,M
2007 - Genesis/002 - Reduced To Mere Filth.mp3,5.92,M
2007 - Genesis/001 - Bearing The Serpent's Lamb.mp3,5.65,M
2007 - Genesis/004 - Upheaval.mp3,5.28,M
2007 - Genesis/007 - Martyrdom Unsealed.mp3,5.15,M
2007 - Genesis/006 - Strings Of Hypocrisy.mp3,4.78,M
2007 - Genesis/008 - Blasphemy.mp3,3.55,M
2011 - Gloom (EP)/02 - Plastic Idols.mp3,11.25,M
2011 - Gloom (EP)/01 - Misery Reformatory.mp3,9.37,M
2011 - Gloom (EP)/04 - Seignature of Starving Power.mp3,9.02,M
2011 - Gloom (EP)/03 - Execution Parade.mp3,7.46,M
