Title,Type,Files,Size,IMDB,Spoken Languages,Texted Languages,Tags,Quality (+),Quality (-),Uploaded,By,User Type,Seeders,Leechers,Info Hash,Picture,Capture Date
WWE MONDAY NIGHT RAW - 18_7_11 Bzingaz,205,12,542.56 MiB (568920602 Bytes),,English,,"""wwe"",""wwe raw"",""raw"",""flv"",""small size""",5,0,2011-07-19T08:48:43Z,bzingaz,[T],0,0,F8CD3A1627713086D688C7FADEED3D6FCA82AA6A,,2012-06-15T06:51:53Z
