Filename,Size,Unit
download from www.scenetime.com.txt,184,B
my.kitchen.rules.s02e28.pdtv.xvid-fqm.nfo,8.49,K
my.kitchen.rules.s02e28.pdtv.xvid-fqm.r00,14.31,M
my.kitchen.rules.s02e28.pdtv.xvid-fqm.r01,14.31,M
my.kitchen.rules.s02e28.pdtv.xvid-fqm.r02,14.31,M
my.kitchen.rules.s02e28.pdtv.xvid-fqm.r03,14.31,M
my.kitchen.rules.s02e28.pdtv.xvid-fqm.r04,14.31,M
my.kitchen.rules.s02e28.pdtv.xvid-fqm.r05,14.31,M
my.kitchen.rules.s02e28.pdtv.xvid-fqm.r06,14.31,M
my.kitchen.rules.s02e28.pdtv.xvid-fqm.r07,14.31,M
my.kitchen.rules.s02e28.pdtv.xvid-fqm.r08,14.31,M
my.kitchen.rules.s02e28.pdtv.xvid-fqm.r09,14.31,M
my.kitchen.rules.s02e28.pdtv.xvid-fqm.r10,14.31,M
my.kitchen.rules.s02e28.pdtv.xvid-fqm.r11,14.31,M
my.kitchen.rules.s02e28.pdtv.xvid-fqm.r12,14.31,M
my.kitchen.rules.s02e28.pdtv.xvid-fqm.r13,14.31,M
my.kitchen.rules.s02e28.pdtv.xvid-fqm.r14,14.31,M
my.kitchen.rules.s02e28.pdtv.xvid-fqm.r15,14.31,M
my.kitchen.rules.s02e28.pdtv.xvid-fqm.r16,14.31,M
my.kitchen.rules.s02e28.pdtv.xvid-fqm.r17,14.31,M
my.kitchen.rules.s02e28.pdtv.xvid-fqm.r18,14.31,M
my.kitchen.rules.s02e28.pdtv.xvid-fqm.r19,14.31,M
my.kitchen.rules.s02e28.pdtv.xvid-fqm.r20,14.31,M
my.kitchen.rules.s02e28.pdtv.xvid-fqm.r21,14.31,M
my.kitchen.rules.s02e28.pdtv.xvid-fqm.r22,14.31,M
my.kitchen.rules.s02e28.pdtv.xvid-fqm.r23,14.31,M
my.kitchen.rules.s02e28.pdtv.xvid-fqm.r24,14.31,M
my.kitchen.rules.s02e28.pdtv.xvid-fqm.r25,14.31,M
my.kitchen.rules.s02e28.pdtv.xvid-fqm.r26,14.31,M
my.kitchen.rules.s02e28.pdtv.xvid-fqm.r27,14.31,M
my.kitchen.rules.s02e28.pdtv.xvid-fqm.r28,14.31,M
my.kitchen.rules.s02e28.pdtv.xvid-fqm.r29,14.31,M
my.kitchen.rules.s02e28.pdtv.xvid-fqm.r30,14.31,M
my.kitchen.rules.s02e28.pdtv.xvid-fqm.r31,14.31,M
my.kitchen.rules.s02e28.pdtv.xvid-fqm.r32,14.31,M
my.kitchen.rules.s02e28.pdtv.xvid-fqm.r33,14.31,M
my.kitchen.rules.s02e28.pdtv.xvid-fqm.r34,14.31,M
my.kitchen.rules.s02e28.pdtv.xvid-fqm.r35,14.31,M
my.kitchen.rules.s02e28.pdtv.xvid-fqm.r36,14.31,M
my.kitchen.rules.s02e28.pdtv.xvid-fqm.r37,14.31,M
my.kitchen.rules.s02e28.pdtv.xvid-fqm.r38,14.31,M
my.kitchen.rules.s02e28.pdtv.xvid-fqm.r39,14.31,M
my.kitchen.rules.s02e28.pdtv.xvid-fqm.r40,14.31,M
my.kitchen.rules.s02e28.pdtv.xvid-fqm.r41,14.31,M
my.kitchen.rules.s02e28.pdtv.xvid-fqm.r42,14.31,M
my.kitchen.rules.s02e28.pdtv.xvid-fqm.r43,14.31,M
my.kitchen.rules.s02e28.pdtv.xvid-fqm.r44,14.31,M
my.kitchen.rules.s02e28.pdtv.xvid-fqm.r45,14.31,M
my.kitchen.rules.s02e28.pdtv.xvid-fqm.r46,14.31,M
my.kitchen.rules.s02e28.pdtv.xvid-fqm.r47,11.17,M
my.kitchen.rules.s02e28.pdtv.xvid-fqm.rar,14.31,M
my.kitchen.rules.s02e28.pdtv.xvid-fqm.sfv,2.49,K
Read This Guide Now.txt,184,B
