Filename,Size,Unit
sunnyleonedc101309-3vid_full.wmv,441.19,M
