Title,Type,Files,Size,IMDB,Spoken Languages,Texted Languages,Tags,Quality (+),Quality (-),Uploaded,By,User Type,Seeders,Leechers,Info Hash,Picture,Capture Date
Lovly Nature Windows 7 Theme,603,1,87.79 MiB (92054569 Bytes),,,,"""theme"",""Windows 7 theme""",0,0,2011-04-18T12:24:26Z,XFormat,,1,0,ABA727081242CE9C2CBB7FCFE77370B94F37B68B,,2012-06-22T14:26:51Z
