Title,Type,Files,Size,IMDB,Spoken Languages,Texted Languages,Tags,Quality (+),Quality (-),Uploaded,By,User Type,Seeders,Leechers,Info Hash,Picture,Capture Date
Discovery.Channel.Mighty.Ships.MV.Peace.In.Africa.HDTV.XviD-NANO,205,5,359.27 MiB (376719350 Bytes),,,,,0,0,2011-02-20T09:19:02Z,TvTeam,[V],3,3,CED36AB51214E76F34FC7612D3D4AA7B7D0B0D92,,2012-06-27T13:00:26Z
