Filename,Size,Unit
batman.the.brave.and.the.bold.s03e01.hdtv.xvid-2hd.nfo,7.33,K
batman.the.brave.and.the.bold.s03e01.hdtv.xvid-2hd.r00,19.07,M
batman.the.brave.and.the.bold.s03e01.hdtv.xvid-2hd.r01,19.07,M
batman.the.brave.and.the.bold.s03e01.hdtv.xvid-2hd.r02,19.07,M
batman.the.brave.and.the.bold.s03e01.hdtv.xvid-2hd.r03,19.07,M
batman.the.brave.and.the.bold.s03e01.hdtv.xvid-2hd.r04,19.07,M
batman.the.brave.and.the.bold.s03e01.hdtv.xvid-2hd.r05,19.07,M
batman.the.brave.and.the.bold.s03e01.hdtv.xvid-2hd.r06,19.07,M
batman.the.brave.and.the.bold.s03e01.hdtv.xvid-2hd.r07,19.07,M
batman.the.brave.and.the.bold.s03e01.hdtv.xvid-2hd.r08,3.23,M
batman.the.brave.and.the.bold.s03e01.hdtv.xvid-2hd.rar,19.07,M
batman.the.brave.and.the.bold.s03e01.hdtv.xvid-2hd.sfv,650,B
download from www.scenetime.com.txt,184,B
Read This Guide Now.txt,184,B
