Filename,Size,Unit
486_Kala Ferard/486_013.jpg,983.94,K
486_Kala Ferard/486_039.jpg,982.84,K
486_Kala Ferard/486_007.jpg,945.14,K
486_Kala Ferard/486_009.jpg,935.6,K
486_Kala Ferard/486_012.jpg,933.88,K
486_Kala Ferard/486_032.jpg,931.36,K
486_Kala Ferard/486_018.jpg,922.06,K
486_Kala Ferard/486_070.jpg,914.74,K
486_Kala Ferard/486_033.jpg,910.9,K
486_Kala Ferard/486_071.jpg,900.33,K
486_Kala Ferard/486_011.jpg,899.34,K
486_Kala Ferard/486_006.jpg,894.22,K
486_Kala Ferard/486_019.jpg,882.55,K
486_Kala Ferard/486_056.jpg,865.24,K
486_Kala Ferard/486_055.jpg,840.35,K
486_Kala Ferard/486_022.jpg,830.92,K
486_Kala Ferard/486_065.jpg,823.54,K
486_Kala Ferard/486_031.jpg,822.05,K
486_Kala Ferard/486_023.jpg,816.97,K
486_Kala Ferard/486_010.jpg,814.29,K
486_Kala Ferard/486_005.jpg,812.74,K
486_Kala Ferard/486_041.jpg,811.55,K
486_Kala Ferard/486_030.jpg,807.57,K
486_Kala Ferard/486_040.jpg,805.71,K
486_Kala Ferard/486_001.jpg,803.07,K
486_Kala Ferard/486_072.jpg,796.33,K
486_Kala Ferard/486_020.jpg,784.99,K
486_Kala Ferard/486_024.jpg,783.84,K
486_Kala Ferard/486_051.jpg,772.12,K
486_Kala Ferard/486_002.jpg,763.53,K
486_Kala Ferard/486_008.jpg,756.9,K
486_Kala Ferard/486_015.jpg,747.36,K
486_Kala Ferard/486_014.jpg,738.35,K
486_Kala Ferard/486_021.jpg,735.13,K
486_Kala Ferard/486_059.jpg,723.68,K
486_Kala Ferard/486_045.jpg,707.13,K
486_Kala Ferard/486_016.jpg,704.74,K
486_Kala Ferard/486_052.jpg,704.26,K
486_Kala Ferard/486_044.jpg,690.17,K
486_Kala Ferard/486_038.jpg,684.34,K
486_Kala Ferard/486_057.jpg,679.35,K
486_Kala Ferard/486_037.jpg,664.7,K
486_Kala Ferard/486_058.jpg,658.8,K
486_Kala Ferard/486_017.jpg,657.63,K
486_Kala Ferard/486_003.jpg,653.82,K
486_Kala Ferard/486_043.jpg,644.88,K
486_Kala Ferard/486_061.jpg,642.18,K
486_Kala Ferard/486_046.jpg,639.49,K
486_Kala Ferard/486_028.jpg,631.88,K
486_Kala Ferard/486_004.jpg,627.54,K
486_Kala Ferard/486_029.jpg,626.14,K
486_Kala Ferard/486_048.jpg,626.04,K
486_Kala Ferard/486_027.jpg,617.15,K
486_Kala Ferard/486_049.jpg,606.74,K
486_Kala Ferard/486_025.jpg,597.58,K
486_Kala Ferard/486_035.jpg,596.81,K
486_Kala Ferard/486_050.jpg,589.54,K
486_Kala Ferard/486_064.jpg,585.72,K
486_Kala Ferard/486_042.jpg,565.36,K
486_Kala Ferard/486_074.jpg,564.55,K
486_Kala Ferard/486_034.jpg,561.42,K
486_Kala Ferard/486_036.jpg,551.53,K
486_Kala Ferard/486_068.jpg,550.58,K
486_Kala Ferard/486_053.jpg,546.17,K
486_Kala Ferard/486_026.jpg,545.68,K
486_Kala Ferard/486_047.jpg,543.38,K
486_Kala Ferard/486_060.jpg,540.74,K
486_Kala Ferard/486_066.jpg,537.33,K
486_Kala Ferard/486_069.jpg,537.14,K
486_Kala Ferard/486_067.jpg,515.68,K
486_Kala Ferard/486_073.jpg,514.23,K
486_Kala Ferard/486_054.jpg,502.45,K
486_Kala Ferard/486_062.jpg,499.08,K
486_Kala Ferard/486_063.jpg,496.4,K
486_02_shesmakingpragueass1920x1080.wmv,723.09,M
486_04_superkalafrigallasstic1920x1080.wmv,559.23,M
486_01_whatsthepraguenosis1920x1080.wmv,549.54,M
486_03_clitasafiddle1920x1080.wmv,506.18,M
#486 Kala Ferard.jpg,110.26,K
