Title,Type,Files,Size,IMDB,Spoken Languages,Texted Languages,Tags,Quality (+),Quality (-),Uploaded,By,User Type,Seeders,Leechers,Info Hash,Picture,Capture Date
Outrageous.Kid.Parties.S01E03.HDTV.XviD-CRiMSON,205,17,173.87 MiB (182311977 Bytes),,,,,0,0,2011-03-15T16:54:05Z,sceneline,[V],0,0,F4F6CF9B77B29F973B7CBBA88916B92A2D9C59DF,,2012-06-25T23:02:22Z
