User Type,Username,Date,Text
,waree,2011-10-08T13:01Z,Nobody comment this apps ? Does it works ?
