Filename,Size,Unit
Leann Rimes - Give.mp3,8.07,M
Leann Rimes - Wasted Days And Wasted Nights.mp3,6.97,M
Leann Rimes - A Good Hearted Woman.mp3,6.51,M
Leann Rimes - When I Call Your Name.mp3,6.33,M
Leann Rimes - He Stopped Loving Her Today.mp3,6.07,M
Leann Rimes - Crazy Women.mp3,6.06,M
Leann Rimes - The Bottle Let Me Down.mp3,5.6,M
Leann Rimes - Swingin.mp3,5.57,M
Leann Rimes - I Cant Be Myself.mp3,5.26,M
Leann Rimes - Rose Colored Glasses.mp3,4.87,M
Leann Rimes - The Only Mama That'll Walk The Line.mp3,4.56,M
Leann Rimes - 16 Tons.mp3,4.49,M
Leann Rimes - Help Me Make It Through The Night.mp3,4.42,M
Leann Rimes - Blue (Feat. The Time Jumpers).mp3,4.08,M
Leann Rimes - Lady and Gentleman CD (musicfromrizzo).jpg,44.54,K
