Title,Type,Files,Size,IMDB,Spoken Languages,Texted Languages,Tags,Quality (+),Quality (-),Uploaded,By,User Type,Seeders,Leechers,Info Hash,Picture,Capture Date
5.Jaar.Later.Filemon.Wesselink.En.Sophie.Hilbrand.NL.XViD-SHOWGE,205,3,439.78 MiB (461139813 Bytes),,Dutch,,"""dutch""",0,0,2012-01-05T14:11:44Z,Petey85,[V],1,0,17FDA24A317574F98B43A02D8788AB94B473E501,,2012-05-14T00:13:08Z
