Title,Type,Files,Size,IMDB,Spoken Languages,Texted Languages,Tags,Quality (+),Quality (-),Uploaded,By,User Type,Seeders,Leechers,Info Hash,Picture,Capture Date
Keith Green - I Only Want To See You There (1983),101,13,65.62 MiB (68803397 Bytes),,,,"""Keith Green""",4,0,2011-02-13T16:29:10Z,Anonymous,,1,0,B8348F95FF921886817606AE3E1401856AF22CFA,,2012-06-27T21:40:31Z
