Filename,Size,Unit
Backgrounds/Windows95-2.bmp,783.63,K
Backgrounds/Superman.bmp,364.14,K
Backgrounds/Fireman.bmp,302.79,K
Backgrounds/Landscape.bmp,302.79,K
Backgrounds/Dolphins.bmp,301.05,K
Backgrounds/Windows95.bmp,301.05,K
Backgrounds/Cottage.bmp,301.05,K
Extra Drivers Packs/w95comp-toshiba.exe,896.69,K
Extra Drivers Packs/tripplte.exe,813.14,K
Extra Drivers Packs/unimodv.exe,467.26,K
Extra Drivers Packs/pwrchut.exe,377.06,K
Extra Drivers Packs/d32_ms.exe,371.54,K
Extra Drivers Packs/d40_ms.exe,371.54,K
Extra Drivers Packs/d1712_ms.exe,371.34,K
Extra Drivers Packs/d176_ms.exe,371.33,K
Extra Drivers Packs/d20_ms.exe,371.33,K
Extra Drivers Packs/d5100_ms.exe,371.33,K
Extra Drivers Packs/d17_ms.exe,371.32,K
Extra Drivers Packs/sbw9xup.exe,311.97,K
Extra Drivers Packs/w95irda.exe,280.06,K
Extra Drivers Packs/digispch.exe,134.63,K
Extra Drivers Packs/irmadca.exe,93.37,K
Extra Drivers Packs/olitokol.exe,92.3,K
Extra Drivers Packs/olitoken.exe,92.3,K
Extra Drivers Packs/8514.exe,75.42,K
Extra Drivers Packs/slan.exe,68.45,K
Extra Drivers Packs/ubnei.exe,62.57,K
Extra Drivers Packs/pro4a.exe,53.73,K
Extra Drivers Packs/ibmfew.exe,53.09,K
Extra Drivers Packs/hpfend.exe,50.91,K
Extra Drivers Packs/sktokw95.exe,50.44,K
Extra Drivers Packs/racalni.exe,34.25,K
Extra Drivers Packs/ewrk3.exe,33.1,K
Extra Drivers Packs/elnk3.exe,32.38,K
Extra Drivers Packs/pci.exe,31.63,K
Extra Drivers Packs/vodafax.exe,30.58,K
Extra Drivers Packs/ncc16.exe,23.14,K
Extra Drivers Packs/aha154x.exe,22.8,K
Extra Drivers Packs/evx16.exe,21.51,K
Extra Drivers Packs/mdmtelin.exe,20.85,K
Extra Drivers Packs/wdlsmpl1.exe,19.16,K
Extra Drivers Packs/wdlrock.exe,18.62,K
Extra Tools/cutemouse21b4/bin/ctmdebug.exe,6.41,K
Extra Tools/cutemouse21b4/bin/ctm-fr.exe,6.06,K
Extra Tools/cutemouse21b4/bin/ctm-de.exe,6.03,K
Extra Tools/cutemouse21b4/bin/ctm-pl.exe,5.88,K
Extra Tools/cutemouse21b4/bin/ctm-nl.exe,5.86,K
Extra Tools/cutemouse21b4/bin/ctm-es.exe,5.85,K
Extra Tools/cutemouse21b4/bin/ctm-lv.exe,5.83,K
Extra Tools/cutemouse21b4/bin/ctm-sk.exe,5.81,K
Extra Tools/cutemouse21b4/bin/ctm-it.exe,5.81,K
Extra Tools/cutemouse21b4/bin/ctm-hu.exe,5.8,K
Extra Tools/cutemouse21b4/bin/ctm-br.exe,5.77,K
Extra Tools/cutemouse21b4/bin/ctm-pt.exe,5.77,K
Extra Tools/cutemouse21b4/bin/ctmouse.exe,5.69,K
Extra Tools/cutemouse21b4/bin/ctm-en.exe,5.69,K
Extra Tools/cutemouse21b4/bin/com2exe.exe,1.33,K
Extra Tools/cutemouse21b4/bin/comtest.com,1.1,K
Extra Tools/cutemouse21b4/bin/mousetst.com,1010,B
Extra Tools/cutemouse21b4/bin/protocol.com,966,B
Extra Tools/cutemouse21b4/doc/ctmouse/int33.lst,28.59,K
Extra Tools/cutemouse21b4/doc/ctmouse/technote.txt,18.11,K
Extra Tools/cutemouse21b4/doc/ctmouse/ctmouse.txt,11.78,K
Extra Tools/cutemouse21b4/doc/ctmouse/history.txt,10.25,K
Extra Tools/cutemouse21b4/doc/ctmouse/protocol.txt,9.12,K
Extra Tools/cutemouse21b4/doc/ctmouse/int10.lst,5.77,K
Extra Tools/cutemouse21b4/doc/ctmouse/wheelapi.txt,4.39,K
Extra Tools/cutemouse21b4/doc/ctmouse/jwasm.txt,3.56,K
Extra Tools/cutemouse21b4/doc/ctmouse/files.lst,2.58,K
Extra Tools/cutemouse21b4/doc/ctmouse/extend.txt,2.35,K
Extra Tools/cutemouse21b4/doc/ctmouse/uartnote.txt,1.87,K
Extra Tools/cutemouse21b4/source/ctmouse/asmlib/bios/area0.def,8.26,K
Extra Tools/cutemouse21b4/source/ctmouse/asmlib/convert/digit.mac,3.07,K
Extra Tools/cutemouse21b4/source/ctmouse/asmlib/convert/count2x.mac,3.06,K
Extra Tools/cutemouse21b4/source/ctmouse/asmlib/dos/mem.mac,6.61,K
Extra Tools/cutemouse21b4/source/ctmouse/asmlib/dos/psp.def,1.9,K
Extra Tools/cutemouse21b4/source/ctmouse/asmlib/dos/io.mac,1.87,K
Extra Tools/cutemouse21b4/source/ctmouse/asmlib/dos/mcb.def,1.17,K
Extra Tools/cutemouse21b4/source/ctmouse/asmlib/hard/uart.def,6.44,K
Extra Tools/cutemouse21b4/source/ctmouse/asmlib/hard/pic8259a.def,5.63,K
Extra Tools/cutemouse21b4/source/ctmouse/asmlib/lgpl,26.3,K
Extra Tools/cutemouse21b4/source/ctmouse/asmlib/macro.mac,7.72,K
Extra Tools/cutemouse21b4/source/ctmouse/asmlib/asm.mac,7.43,K
Extra Tools/cutemouse21b4/source/ctmouse/asmlib/code.mac,1.61,K
Extra Tools/cutemouse21b4/source/ctmouse/asmlib/code.def,1.37,K
Extra Tools/cutemouse21b4/source/ctmouse/tasmmasm/jw-tasm.dif,121.95,K
Extra Tools/cutemouse21b4/source/ctmouse/tasmmasm/jw-tasm.txt,59.71,K
Extra Tools/cutemouse21b4/source/ctmouse/tasmmasm/ctmouse.exe,6.41,K
Extra Tools/cutemouse21b4/source/ctmouse/tasmmasm/comtest.com,1.1,K
Extra Tools/cutemouse21b4/source/ctmouse/tasmmasm/mousetst.com,1010,B
Extra Tools/cutemouse21b4/source/ctmouse/tasmmasm/protocol.com,966,B
Extra Tools/cutemouse21b4/source/ctmouse/utility/comtest.asm,16.48,K
Extra Tools/cutemouse21b4/source/ctmouse/utility/protocol.asm,13.76,K
Extra Tools/cutemouse21b4/source/ctmouse/utility/mousetst.asm,7.21,K
Extra Tools/cutemouse21b4/source/ctmouse/utility/display.asm,2.64,K
Extra Tools/cutemouse21b4/source/ctmouse/utility/makefile,1.88,K
Extra Tools/cutemouse21b4/source/ctmouse/ctmouse.asm,122.34,K
Extra Tools/cutemouse21b4/source/ctmouse/copying,17.92,K
Extra Tools/cutemouse21b4/source/ctmouse/ctm-fr.msg,3.03,K
Extra Tools/cutemouse21b4/source/ctmouse/ctm-pl.msg,2.88,K
Extra Tools/cutemouse21b4/source/ctmouse/ctm-de.msg,2.86,K
Extra Tools/cutemouse21b4/source/ctmouse/ctm-it.msg,2.77,K
Extra Tools/cutemouse21b4/source/ctmouse/ctm-sk.msg,2.68,K
Extra Tools/cutemouse21b4/source/ctmouse/ctm-br.msg,2.67,K
Extra Tools/cutemouse21b4/source/ctmouse/ctm-lv.msg,2.67,K
Extra Tools/cutemouse21b4/source/ctmouse/ctm-pt.msg,2.66,K
Extra Tools/cutemouse21b4/source/ctmouse/ctm-es.msg,2.65,K
Extra Tools/cutemouse21b4/source/ctmouse/ctm-nl.msg,2.65,K
Extra Tools/cutemouse21b4/source/ctmouse/ctm-hu.msg,2.6,K
Extra Tools/cutemouse21b4/source/ctmouse/ctm-en.msg,2.35,K
Extra Tools/cutemouse21b4/source/ctmouse/ctmouse.msg,2.35,K
Extra Tools/cutemouse21b4/source/ctmouse/com2exe.exe,1.33,K
Extra Tools/cutemouse21b4/source/ctmouse/makefile,1.13,K
Extra Tools/cutemouse21b4/source/ctmouse/alllang.bat,468,B
Extra Tools/cutemouse21b4/source/ctmouse/ctmouse.map,251,B
Extra Tools/cutemouse21b4/source/ctmouse/asmlib.cfg,159,B
Extra Tools/fdisk120/DOCS/HISTORY.TXT,53.93,K
Extra Tools/fdisk120/DOCS/LICENSE.TXT,17.89,K
Extra Tools/fdisk120/DOCS/NEWS.TXT,13.22,K
Extra Tools/fdisk120/DOCS/HELP.TXT,5.73,K
Extra Tools/fdisk120/DOCS/PARTN.HTM,4,K
Extra Tools/fdisk120/DOCS/FILELIST.TXT,2.82,K
Extra Tools/fdisk120/DOCS/FAQ.TXT,2.76,K
Extra Tools/fdisk120/DOCS/INSTALL.TXT,1.67,K
Extra Tools/fdisk120/DOCS/BLOADER.TXT,1.33,K
Extra Tools/fdisk120/DOCS/README.TXT,1.21,K
Extra Tools/fdisk120/DOCS/CONTRIB.TXT,851,B
Extra Tools/fdisk120/DOCS/BUGS.TXT,535,B
Extra Tools/fdisk120/DOCS/PARTN.TXT,274,B
Extra Tools/fdisk120/PROGRAM/FDISK.EXE,35.01,K
Extra Tools/fdisk120/PROGRAM/FDISKPT.INI,20.73,K
Extra Tools/fdisk120/PROGRAM/FDISK.INI,8.25,K
Extra Tools/fdisk120/RTESTING/T1.BAT,79,B
Extra Tools/fdisk120/SOURCE/BOOTEASY/BOOTEASY.ASM,9.09,K
Extra Tools/fdisk120/SOURCE/BOOTNORM/BOOTNORM.ASM,5.67,K
Extra Tools/fdisk120/SOURCE/FDISK/PCOMPUTE.C,49.01,K
Extra Tools/fdisk120/SOURCE/FDISK/USERINT2.C,45.06,K
Extra Tools/fdisk120/SOURCE/FDISK/PDISKIO.C,43.98,K
Extra Tools/fdisk120/SOURCE/FDISK/FDISKIO.C,28.54,K
Extra Tools/fdisk120/SOURCE/FDISK/MAIN.C,24.73,K
Extra Tools/fdisk120/SOURCE/FDISK/KBDINPUT.C,22.33,K
Extra Tools/fdisk120/SOURCE/FDISK/USERINT1.C,19.29,K
Extra Tools/fdisk120/SOURCE/FDISK/CMD.C,17.19,K
Extra Tools/fdisk120/SOURCE/FDISK/MAIN.H,9.54,K
Extra Tools/fdisk120/SOURCE/FDISK/DEL.C,8.45,K
Extra Tools/fdisk120/SOURCE/FDISK/FDISK.PRJ,6.9,K
Extra Tools/fdisk120/SOURCE/FDISK/HELPSCR.C,5.2,K
Extra Tools/fdisk120/SOURCE/FDISK/PDISKIO.H,4.61,K
Extra Tools/fdisk120/SOURCE/FDISK/PCOMPUTE.H,2.38,K
Extra Tools/fdisk120/SOURCE/FDISK/USERINT2.H,2.06,K
Extra Tools/fdisk120/SOURCE/FDISK/CMD.H,1.41,K
Extra Tools/fdisk120/SOURCE/FDISK/USERINT1.H,1.37,K
Extra Tools/fdisk120/SOURCE/FDISK/MAKEFILE,1.35,K
Extra Tools/fdisk120/SOURCE/FDISK/FDISKIO.H,1.22,K
Extra Tools/fdisk120/SOURCE/FDISK/KBDINPUT.H,931,B
Extra Tools/fdisk120/SOURCE/FDISK/GO.BAT,300,B
Extra Tools/fdisk120/SOURCE/FDISK/HELPSCR.H,276,B
Extra Tools/fdisk120/SOURCE/FDISK/BUILD.BAT,236,B
Extra Tools/fdisk120/SOURCE/FDISK/PACK.BAT,72,B
Extra Tools/fdisk120/SOURCE/FDISK/BUILDASM.BAT,58,B
Extra Tools/fdisk120/SOURCE/CATS396S.ZIP,50.31,K
Extra Tools/fdisk120/UTIL/DEVPREP.BAT,408,B
Extra Tools/fdisk120/UTIL/ZIPPREP.BAT,356,B
Extra Tools/fdisk120/UTIL/MAKEZIP.BAT,309,B
Extra Tools/fdisk120/FDISK.LSM,460,B
Extra Tools/GWBASIC.EXE/GWBASIC.EXE,78.72,K
Extra Tools/PRESZ134/PRESIZER.EXE,66.31,K
Extra Tools/PRESZ134/PRESIZER.DOC,42.5,K
Extra Tools/PRESZ134/TROUBLE.DOC,12.64,K
Extra Tools/PRESZ134/STARTERS.DOC,11.45,K
Extra Tools/PRESZ134/PRESIZER.FAQ,10.93,K
Extra Tools/PRESZ134/README.1ST,7.59,K
Extra Tools/PRESZ134/INCOMPAT.LST,3.47,K
Extra Tools/PRESZ134/FILE_ID.DIZ,401,B
Extra Tools/PRESZ134/VENDOR.DOC,331,B
Extra Tools/THEDRAW/THEDRAW.EXE,147.14,K
Extra Tools/THEDRAW/TDDOC.ZIP,108.87,K
Extra Tools/THEDRAW/TDFONTS.TDF,77.61,K
Extra Tools/THEDRAW/SETUP.EXE,43.3,K
Extra Tools/THEDRAW/TDFONTS.EXE,28.44,K
Extra Tools/THEDRAW/TDREG.EXE,15.25,K
Extra Tools/THEDRAW/THEGRAB.EXE,8.84,K
Extra Tools/THEDRAW/SPACELNK.TDF,5.48,K
Extra Tools/THEDRAW/0.BSV,3.92,K
Extra Tools/THEDRAW/HKCUMBR9.BAK,3.38,K
Extra Tools/THEDRAW/CSON.EXE,3.16,K
Extra Tools/THEDRAW/CSOFF.EXE,3.16,K
Extra Tools/THEDRAW/MAKEQLB.BAT,2.99,K
Extra Tools/THEDRAW/MIDDLAGE.TDF,2.12,K
Extra Tools/THEDRAW/FUTURE.TDF,1.93,K
Extra Tools/THEDRAW/TECH.TDF,1.51,K
Extra Tools/THEDRAW/THEDRAW.PCK,650,B
Extra Tools/THEDRAW/BLA.BAT,56,B
Extra Tools/winzip81sr1.exe,1.81,M
Extra Tools/MPXP158G.ZIP,619.09,K
Patches/MSAA_13_SDK.EXE,3.48,M
Patches/IMMC.EXE,2.92,M
Patches/GRPHFLTS.EXE,2.26,M
Patches/W95ws2setup.exe,963.28,K
Patches/paint95.exe,736.98,K
Patches/TAPI2195.zip,297.76,K
Patches/vrdrupd.exe,210.67,K
Patches/dcm9xCfg.exe,191.77,K
Patches/WPNPINS.EXE,186.77,K
Patches/REGEDITS.ZIP,107.49,K
Patches/qfechkup.exe,94.15,K
Patches/altpnt.exe,89.43,K
Patches/themes.exe,84,K
Patches/Tweakui.exe,1.22,K
Patches/win95_msconfig_setup.exe.htm,311,B
Updates/msie55sp2.exe,84.12,M
Updates/OSR2SP1.EXE,51.16,M
Updates/winmediaplayer9all.exe,13.3,M
Updates/DX80eng.exe,10.95,M
Updates/MSDUN13.EXE,2.25,M
Updates/Windows 95 SP1 Update.exe,1.21,M
Updates/Q314147.EXE,9.21,K
Updates/168115us5.exe,1.22,K
WINDOWS95 Supplement disk N2KMaster.iso,602.53,M
Windows 95 N2KMaster CD Rip.IMG,230.84,M
PLUS_95 N2KMaster CD Rip.ISO,31.62,M
win95hcl.txt,3.28,M
Windows 95B Boot Disk.exe,858,K
Windows 95A Boot Disk.exe,764.76,K
Serials.txt,5.07,K
