Filename,Size,Unit
1.jpg,309.65,K
csti_michelle_avanti.wmv,307.82,M
pic.jpg,22.49,K
