Filename,Size,Unit
Torrent downloaded from Demonoid.me.txt,46,B
mythbusters.s09e12.720p.hdtv.x264-momentum.mkv,1.22,G
