User Type,Username,Date,Text
,wanted6060,2011-11-17T10:19Z,thanks 
