Title,Type,Files,Size,IMDB,Spoken Languages,Texted Languages,Tags,Quality (+),Quality (-),Uploaded,By,User Type,Seeders,Leechers,Info Hash,Picture,Capture Date
"Katsumi Richards - Here's Some Songs, I Guess",101,29,52.32 MiB (54858018 Bytes),,,,"""katsumi"",""richards"",""heres"",""some"",""songs"",""guess"",""impending"",""ice"",""storm"",""doom""",0,0,2011-09-29T00:33:08Z,katsumir7,,1,0,6FFE655E21783D20F617582B5A1869DA23FD7B86,,2012-05-25T09:35:46Z
