Title,Type,Files,Size,IMDB,Spoken Languages,Texted Languages,Tags,Quality (+),Quality (-),Uploaded,By,User Type,Seeders,Leechers,Info Hash,Picture,Capture Date
Big.Black.Beast.15.XXX.DVDRiP.XviD-DivXfacTory,501,2,1.37 GiB (1466296320 Bytes),,English,English,,0,0,2011-01-25T11:19:56Z,kelvin09,[T],0,0,6352077123BD08358AE2F12CBC167A6D07294AE5,,2012-06-28T20:50:06Z
