Filename,Size,Unit
extract.rar,17.97,M
Torrent downloaded from Demonoid.me.txt,46,B
