In questa puntata andata in onda il 13 gennaio 2011 ore 21.00 su Italia 1

Sindrome di Morgellons parte 1, Altare e il tesoro dei Templari, Jack lo squartatore, Free Energy, Moria di uccelli, Real Vampires, Uomo Falena


[ Info sul file ]

Nome: Mistero S04e02.avi
Data: 22/01/2011 14:21:38
Dimensione: 1,565,464,576 bytes (1492.943 MB)

[ Info generiche ]

Durata: 02:21:45 (8505.32 s)
Tipo di contenitore: AVI OpenDML
Streams totali: 2
Tipo stream n. 0: video
Tipo stream n. 1: audio
Audio streams: 1
ISFT: VirtualDubMod 1.5.4.1 (build 2178/release)
JUNK: VirtualDubMod build 2178/release

[ Dati rilevanti ]

Risoluzione: 656 x 384
Larghezza: multipla di 16
Altezza: multipla di 32

[ Traccia video ]

FourCC: xvid/XVID
Risoluzione: 656 x 384
Frame aspect ratio: 41:24 = 1.708333
Pixel aspect ratio: 1:1 = 1
Display aspect ratio: 41:24 = 1.708333
Framerate: 25 fps
Frames totali: 212633
Stream size: 1,421,606,580 bytes
Bitrate: 1337.145767 kbps
Qf: 0.212326
Key frames: 2969 (0; 9; 54; 55; 56; ... 212623)
Null frames: 0
Min key int: 1
Max key int: 250
Key int medio: 71.617716
Ritardo: 0 ms

[ Traccia audio ]

Audio tag: 0x55 (MP3)
Bitrate (contenitore): 128 kbps CBR
Canali (contenitore): 2
Frequenza (contenitore): 48000 Hz
Chunks: 106311
Stream size: 136,084,992 bytes
Preload: 504 ms
Max A/V diff: 560 ms
Tipo: MPEG-1 Layer III
Encoder: LAME3.98r
Chunk-aligned: Sì
Emphasis: none
Mode: joint stereo
Ritardo: 0 ms

[ Info sulla codifica MPEG4 ]

User data: XviD0050
QPel: No
GMC: No
Interlaced: No
Aspect ratio: Square pixels
Quant type: MPEG custom (*)
Custom intra quant matrix: 
8 9 10 11 12 14 16 18
9 11 12 13 15 16 18 20
10 12 14 16 17 19 21 22
11 13 16 18 20 22 24 26
12 15 17 20 23 25 28 30
14 16 19 22 25 29 34 38
16 18 21 24 28 34 46 52
18 20 22 26 30 38 52 72
Custom inter quant matrix: 
16 16 17 17 18 19 21 23
16 17 17 18 19 20 22 24
17 17 19 20 21 23 24 27
17 18 20 22 24 25 28 32
18 19 21 24 26 29 36 40
19 20 23 25 29 40 48 52
21 22 24 28 36 48 60 64
23 24 27 32 40 52 64 106

[ Profile compliancy ]

Profilo da testare: MTK PAL 6000
Risoluzione: Ok
Framerate: Ok

Rapporto generato da AVInaptic (18-11-2007) in data 25 gen 2011, h 14:53:40