Title,Type,Files,Size,IMDB,Spoken Languages,Texted Languages,Tags,Quality (+),Quality (-),Uploaded,By,User Type,Seeders,Leechers,Info Hash,Picture,Capture Date
[PS3] Dual Boot GameOS - Linux Custom Firmware,399,29,521.34 MiB (546668894 Bytes),,,,,0,0,2011-05-04T17:21:36Z,Mno74,,1,2,7573168938AD54E835889057B27A6B7C19C59437,,2012-06-21T17:25:22Z
