Filename,Size,Unit
Cover.jpg,93.6,K
Lifehouse - You and Me.md5,149,B
Lifehouse - You and Me.mp3,3.07,M
Lifehouse - You and Me.nfo,2.57,K
