Filename,Size,Unit
JFF_READ_ME.nfo,3.81,K
Silent_Evil_-_Kates_Rescue_~_justforfun-games.com.exe,117.03,M
Torrent downloaded from Demonoid.me.txt,46,B
