Filename,Size,Unit
Lady Gaga 5.exe,4.97,M
