Filename,Size,Unit
Marc Dorcel - Jessica La Professionnelle.wmv,2.16,G
Marc Dorcel - Jessica La Professionnelle.wmv.jpg,372.93,K
Marc Dorcel - Jessica La Professionnellecover.jpg,151.91,K
