Filename,Size,Unit
Prince of Persia The Sands of Time (2010) DVDRip XviD-MAXSPEED www.torentz.3xforum.ro.avi,1.37,G
screencaps.jpg,234.66,K
Prince of Persia The Sands of Time (2010) DVDRip XviD-MAXSPEED www.torentz.3xforum.ro.avi.torrent,13.96,K
Prince of Persia The Sands of Time (2010) DVDRip XviD-MAXSPEED.nfo,2.5,K
Torrent downloaded from Demonoid.com.txt,47,B
Torrent downloaded from Kickasstorrents.com.txt,43,B
Torrent downloaded from Rarbg.com.txt,33,B
tracked_by_h33t_com.txt,23,B
