Filename,Size,Unit
Rally.Master.Pro.3D.v1.3.0.iPhone.iPod.Touch.iPad-iOSPDA.ipa,34.6,M
iospda.nfo,11.6,K
README.nfo,11.29,K
file_id.diz,3.27,K
Torrent downloaded from Demonoid.me.txt,46,B
