Title,Type,Files,Size,IMDB,Spoken Languages,Texted Languages,Tags,Quality (+),Quality (-),Uploaded,By,User Type,Seeders,Leechers,Info Hash,Picture,Capture Date
The.Real.Housewives.of.Beverly.Hills.S02E09.Otherwise.Engaged.72,208,26,1014.02 MiB (1063279990 Bytes),,,,,0,0,2011-11-02T03:25:41Z,sceneline,[V],2,2,E23DE66AD6788C3ADA76860C12A029B0A0F4C798,,2012-05-20T09:55:40Z
