Filename,Size,Unit
Cover/The_Kids_Are_All_Right_(2010)_WS_R4-[front]-[www.FreeCovers.net].jpg,4.13,M
Cover/The_Kids_Are_All_Right_(2010)_R0-[cd]-[www.FreeCovers.net].jpg,49.99,K
Cover/poster.jpg,23.31,K
info TBS/The kids are allright (2010) (DVD5) TBS.nfo,4.68,K
info TBS/Black-Sam.txt,124,B
info TBS/Torrent_downloaded_from_AhaShare.com.txt,63,B
info TBS/Torrent_downloaded_from_Demonoid.com.txt,51,B
info TBS/Torrent_downloaded_from_Demonoid.me.txt,46,B
info TBS/tracked By movie-torrentz.txt,36,B
The kids are allright 2010/VTS_01_4.VOB,1024,M
The kids are allright 2010/VTS_01_3.VOB,1024,M
The kids are allright 2010/VTS_01_2.VOB,1024,M
The kids are allright 2010/VTS_01_1.VOB,1024,M
The kids are allright 2010/VTS_01_5.VOB,367.29,M
The kids are allright 2010/VTS_01_0.VOB,2.56,M
The kids are allright 2010/VTS_01_0.IFO,76,K
The kids are allright 2010/VTS_01_0.BUP,76,K
The kids are allright 2010/VTS_03_1.VOB,20,K
The kids are allright 2010/VTS_02_1.VOB,20,K
The kids are allright 2010/VTS_02_0.IFO,14,K
The kids are allright 2010/VTS_02_0.BUP,14,K
The kids are allright 2010/VTS_03_0.BUP,14,K
The kids are allright 2010/VTS_03_0.IFO,14,K
The kids are allright 2010/VIDEO_TS.IFO,12,K
The kids are allright 2010/VIDEO_TS.BUP,12,K
