Filename,Size,Unit
Hot Marathi Bhabhi Giving Blowjob In Hotel Recorded.mp4,9.83,M
More Collection.rar,732,B
@More Stuff!!!.txt,131,B
