Filename,Size,Unit
Barely_18_38_Scene_1.Nika_Noire_SeaPorn.org.wmv,937.69,M
Barely_18_38_Scene_2.Kacey_Jordan_SeaPorn.org.wmv,640.9,M
Barely_18_38_Scene_3.Kelly_Skyline_Natasha_Nice_SeaPorn.org.wmv,794.68,M
Barely_18_38_Scene_4.Cara_Dee_SeaPorn.org.wmv,499.16,M
Barely_18_38_Scene_5.Hannah_West_SeaPorn.org.wmv,500.47,M
