Filename,Size,Unit
Rock Goddess - My Angel [Bananas tv show 1983].VOB,144.24,M
