Filename,Size,Unit
027 - The Script - Breakeven.mp3,9.98,M
024 - Eminem - Not Afraid.mp3,9.56,M
081 - Sugarland - Stuck Like Glue.mp3,9.51,M
046 - Taylor Swift - Mine.mp3,9.18,M
023 - Travie McCoy feat Bruno Mars - Billionaire.mp3,9.1,M
076 - OneRepublic - Secrets.mp3,8.7,M
022 - Usher feat Pitbull - DJ Got Us Fallin In Love.mp3,8.59,M
071 - Drake feat Kanye West Lil Wayne and Eminem - Forever.mp3,7.97,M
013 - Young Money feat Lloyd - Bedrock.mp3,7.67,M
084 - Taylor Swift - Today Was A Fairytale.mp3,7.49,M
098 - Cali Swag District - Teach me How To Dougie.mp3,7.36,M
028 - Kesha - Your Love Is My Drug.mp3,7.23,M
093 - Paramore - The Only Exception.mp3,7.23,M
058 - Black Eyed Peas - Meet Me Halfway.mp3,7.08,M
047 - Rihanna - Only Girl In The World.mp3,7.06,M
016 - Lady Gaga feat Beyonce - Telephone.mp3,7.04,M
006 - BoB feat Hayley Williams - Airplanes.mp3,7.01,M
033 - Lady Gaga - Alejandro.mp3,6.98,M
021 - Jay-Z and Alicia Keys - Empire State Of Mine.mp3,6.87,M
008 - Lady Gaga - Bad Romance.mp3,6.73,M
090 - Lil Wayne feat Drake - Right Above It.mp3,6.63,M
075 - Black Eyed Peas - Rock That Body.mp3,6.61,M
029 - Black Eyed Peas - I Gotta Feeling.mp3,6.46,M
080 - Kevin Rudolf feat Birdman Jay Sean and Lil Wayne - I Made It (Cash Money Heroes).mp3,6.46,M
085 - Timbaland feat Drake - Say Something.mp3,6.41,M
060 - Drake - Over.mp3,6.37,M
082 - Usher feat Plies - Hey Daddy (Daddys Home).mp3,6.3,M
009 - Taio Cruz - Dynamite.mp3,6.29,M
012 - Enrique Iglesias feat Pitbull - I Like It.mp3,6.26,M
079 - DJ Khaled feat T-Pain Ludacris Snoop Dogg and Rick Ross - All I Do Is Win.mp3,6.25,M
052 - Trey Songz feat Nicki Minaj - Bottoms Up.mp3,6.17,M
011 - BoB feat Bruno Mars - Nothin On You.mp3,6.11,M
054 - OneRepublic - All The Right Moves.mp3,6.11,M
074 - Kelly Clarkson - Already Gone.mp3,6.06,M
096 - Daughtry - Life After You.mp3,6,M
083 - Usher - There Goes My Baby.mp3,5.99,M
039 - Michael Buble - Haven't Met You Yet.mp3,5.96,M
049 - Rihanna feat Young Jeezy - Hard.mp3,5.92,M
072 - Boys Like Girls feat Taylor Swift - Two Is Better Than One.mp3,5.85,M
002 - Lady Antebelum - Need You Now.mp3,5.82,M
068 - Chris Brown feat Tyga and Kevin McCall - Deuces.mp3,5.8,M
099 - Alicia Keys - Try Sleeping With A Broken Heart.mp3,5.71,M
035 - Nelly - Just A Dream.mp3,5.6,M
020 - Black Eyed Peas - Imma Be.mp3,5.57,M
004 - Katy Perry feat Snoop Dogg - California Gurls.mp3,5.55,M
040 - Flo Rida feat David Guetta - Club Cant Handle Me.mp3,5.49,M
041 - Jay Sean feat Lil Wayne - Down.mp3,5.47,M
057 - Taylor Swift - You Belong With Me.mp3,5.46,M
087 - Kings Of Leon - Use Somebody.mp3,5.44,M
005 - Usher feat Will I Am - OMG.mp3,5.43,M
078 - Alicia Keys - Un-Thinkable (Im Ready).mp3,5.42,M
097 - Uncle Kracker - Smile.mp3,5.39,M
030 - Owl City - Fireflies.mp3,5.35,M
064 - Lady Gaga - Paparazzi.mp3,5.31,M
031 - Trey Songz feat Fabolous - Say Aah.mp3,5.26,M
043 - Jason DeRulo - Whatcha Say.mp3,5.22,M
069 - Britney Spears - 3.mp3,5.18,M
038 - Timbaland feat Justin Timberlake - Carry Out.mp3,5.14,M
048 - Kris Allen - Live Like Were Dying.mp3,5.12,M
018 - Bruno Mars - Just The Way You Are.mp3,5.12,M
037 - Far East Movement feat Cataracs and Dev - Like A G6.mp3,5.11,M
067 - Miley Cyrus - Party In The USA.mp3,5.11,M
003 - Train - Hey Soul Sister.mp3,5.1,M
017 - Katy Perry - Teenage Dream.mp3,5.08,M
062 - Maroon 5 - Misery.mp3,5.08,M
015 - Rihanna - Rude Boy.mp3,5.07,M
001 - Kesha - Tik Tok.mp3,5.03,M
044 - Justin Bieber feat Ludacris - Baby.mp3,4.98,M
034 - Jason DeRulo - Ridin Solo.mp3,4.97,M
055 - Orianthi - According To You.mp3,4.96,M
050 - Jay-Z feat Mr Hudson - Young Forever.mp3,4.94,M
095 - Sara Bareilles - King Of Anything.mp3,4.92,M
051 - Kesha feat 3OH3 - Blah Blah Blah.mp3,4.91,M
088 - Carrie Underwood - Undo It.mp3,4.88,M
045 - Adam Lambert - Whataya Want From Me.mp3,4.87,M
059 - Kesha - Take It Off.mp3,4.85,M
061 - Neon Trees - Animal.mp3,4.83,M
019 - Mike Posner - Cooler Than Me.mp3,4.82,M
094 - Lady Antebellum - American Honey.mp3,4.77,M
092 - The Band Perry - If I Die Young.mp3,4.75,M
026 - David Guetta feat Akon - Sexy Chick.mp3,4.74,M
063 - BoB feat Rivers Cuomo - Magic.mp3,4.7,M
053 - Jay Sean feat Sean Paul and Lil Jon - Do You Remember.mp3,4.67,M
014 - Jason DeRulo - In My Head.mp3,4.62,M
100 - Jerrod Niemann - Lover Lover.mp3,4.54,M
070 - Shontelle - Impossible.mp3,4.5,M
086 - Beyonce - Sweet Dreams.mp3,4.43,M
073 - 3OH3 feat Kesha - My First Kiss.mp3,4.42,M
089 - Sean Kingston and Justin Bieber - Eenie Meenie.mp3,4.35,M
065 - New Boyz feat Ray J - Tie Me Down.mp3,4.32,M
091 - Miranda Lambert - The House That Built Me.mp3,4.27,M
036 - Ludacris - How Low.mp3,4.22,M
056 - Ludacris feat Nicki Minaj - My Chick Bad.mp3,4.14,M
032 - Drake - Find Your Love.mp3,4.1,M
007 - Eminem feat Rihanna - Love The Way You Lie.mp3,4.02,M
025 - Iyaz - Replay.mp3,4.01,M
042 - La Roux - Bulletproof.mp3,3.95,M
077 - Selena Gomez and The Scene - Naturally.mp3,3.82,M
066 - Nicki Minaj - Your Love.mp3,3.75,M
010 - Taio Crus feat Ludacris - Break Your Heart.mp3,3.59,M
Billboard Top 200 of 2010 Track Listing (williswho.com).txt,3.86,K
Torrent_downloaded_from_Demonoid.com.txt,47,B
