Title,Type,Files,Size,IMDB,Spoken Languages,Texted Languages,Tags,Quality (+),Quality (-),Uploaded,By,User Type,Seeders,Leechers,Info Hash,Picture,Capture Date
Phil Woods Quartet - Warm Woods (1988),101,8,45.99 MiB (48225909 Bytes),,,,"""jazz""",0,0,2011-11-15T19:16:37Z,7SPECTRE7,,3,1,F2ECACBD7BCE6A2B17F82381B0B1D481F491660E,,2012-05-18T12:08:40Z
