Filename,Size,Unit
Room.33.2009.NTSC.DD2.0.NL.Subs/VIDEO_TS/VIDEO_TS.BUP,12,K
Room.33.2009.NTSC.DD2.0.NL.Subs/VIDEO_TS/VIDEO_TS.IFO,12,K
Room.33.2009.NTSC.DD2.0.NL.Subs/VIDEO_TS/VIDEO_TS.VOB,40,K
Room.33.2009.NTSC.DD2.0.NL.Subs/VIDEO_TS/VTS_01_0.BUP,60,K
Room.33.2009.NTSC.DD2.0.NL.Subs/VIDEO_TS/VTS_01_0.IFO,60,K
Room.33.2009.NTSC.DD2.0.NL.Subs/VIDEO_TS/VTS_01_1.VOB,1000.36,M
Room.33.2009.NTSC.DD2.0.NL.Subs/VIDEO_TS/VTS_01_2.VOB,999.79,M
Room.33.2009.NTSC.DD2.0.NL.Subs/VIDEO_TS/VTS_01_3.VOB,1000.07,M
Room.33.2009.NTSC.DD2.0.NL.Subs/VIDEO_TS/VTS_01_4.VOB,561.12,M
Room.33.2009.NTSC.DD2.0.NL.Subs.nfo,911,B
Torrent downloaded from AhaShare.com.txt,58,B
Torrent downloaded from Demonoid.me.txt,46,B
Torrent downloaded from Rarbg.com.txt,33,B
Torrent downloaded from silvertorrents.me.txt,29,B
Torrent Downloaded from TorrentState.com.txt,46,B
Torrent_downloaded_from_www.puretorrents.cc.txt,36,B
