Title,Type,Files,Size,IMDB,Spoken Languages,Texted Languages,Tags,Quality (+),Quality (-),Uploaded,By,User Type,Seeders,Leechers,Info Hash,Picture,Capture Date
AnalTeenAngels - Abbie [720p].wmv,505,1,986.64 MiB (1034563760 Bytes),,,,"""Hardcore"",""Teen"",""XxX"",""Anal"",""Fuck""",0,0,2012-01-09T17:36:51Z,SplashPt,[V],3,0,7C16A4561E8671A692097C82CA43E08AF906A660,http://image.bayimg.com/dalniaadm.jpg,2012-05-13T18:17:01Z
