Filename,Size,Unit
Blackthorn.Sin destino.avi,1.57,G
