Title,Type,Files,Size,IMDB,Spoken Languages,Texted Languages,Tags,Quality (+),Quality (-),Uploaded,By,User Type,Seeders,Leechers,Info Hash,Picture,Capture Date
The.Protector.S01E08.HDTV.XviD-LOL,205,29,349.74 MiB (366728671 Bytes),,,,,0,0,2011-08-09T06:16:25Z,scenebalance,[V],0,0,DCD66FC2878D38939BF392B1DEC15754AAA42E87,,2012-06-14T04:56:53Z
