Title,Type,Files,Size,IMDB,Spoken Languages,Texted Languages,Tags,Quality (+),Quality (-),Uploaded,By,User Type,Seeders,Leechers,Info Hash,Picture,Capture Date
AssholeFever - Bibi Black - Black Fetish,506,2,617.78 MiB (647784515 Bytes),,,,,0,0,2011-04-06T10:54:50Z,Rabiner,,1,0,67615040A8CDD2161D5EA430743EF0C4E5529FE4,,2012-06-24T12:43:32Z
