Title,Type,Files,Size,IMDB,Spoken Languages,Texted Languages,Tags,Quality (+),Quality (-),Uploaded,By,User Type,Seeders,Leechers,Info Hash,Picture,Capture Date
01-11-2011 All My Children.avi,205,1,156.5 MiB (164104786 Bytes),,,,,0,0,2011-01-12T20:20:14Z,ClaudiaZ,[V],0,0,6C578CA78F3DB117D0768AD669E19EC1C6A16DB3,,2012-06-29T13:24:04Z
