User Type,Username,Date,Text
[T],TvFreak,2011-09-06T23:23Z,Nice torrents :) Keep up the good work :D
