Title,Type,Files,Size,IMDB,Spoken Languages,Texted Languages,Tags,Quality (+),Quality (-),Uploaded,By,User Type,Seeders,Leechers,Info Hash,Picture,Capture Date
Deep desire.hot porn magazine.demon.mastitorrents,599,2,8.58 MiB (8995186 Bytes),,,,,1,0,2011-03-03T07:46:46Z,tdkdemon,[T],2,0,B5CD5E38FF9D4F7ACEEF8AB6DE2F2F7D6A62D583,http://image.bayimg.com/caekhaadd.jpg,2012-06-27T00:08:10Z
