Title,Type,Files,Size,IMDB,Spoken Languages,Texted Languages,Tags,Quality (+),Quality (-),Uploaded,By,User Type,Seeders,Leechers,Info Hash,Picture,Capture Date
Killer.Comebacks.Neil.Patrick.Harris.WD.PDTV.XviD-NATV,205,4,173.69 MiB (182126431 Bytes),,,,,0,0,2011-01-10T12:55:10Z,TvTeam,[V],1,0,A83DD005101F5C5388218DFC97374215D679E3E6,,2012-06-29T15:41:54Z
