Title,Type,Files,Size,IMDB,Spoken Languages,Texted Languages,Tags,Quality (+),Quality (-),Uploaded,By,User Type,Seeders,Leechers,Info Hash,Picture,Capture Date
The.Man.Who.Jumped.WS.PDTV.XviD-W4F,205,5,560.89 MiB (588132758 Bytes),,,,,0,0,2012-01-26T13:16:54Z,TvTeam,[V],0,0,F052040416F614D4313DEF0F1198A449B80506CA,,2012-05-28T22:42:05Z
