Filename,Size,Unit
Walkthroughs/Angry Birds -Mighty Hoax- Walkthrough.flv,15.69,M
Walkthroughs/Angry Birds -Mighty Hoax- Walkthrough_2.flv,19.78,M
Walkthroughs/Angry Birds -Mighty Hoax- Walkthrough_3.flv,21.58,M
Walkthroughs/Angry Birds -Mighty Hoax- Walkthrough_4.flv,17.59,M
Walkthroughs/Angry Birds -Mighty Hoax- Walkthrough_5.flv,17.26,M
Walkthroughs/Angry Birds -Mighty Hoax- Walkthrough_6.flv,19.25,M
Walkthroughs/Angry Birds -Mighty Hoax- Walkthrough_7.flv,12.6,M
Walkthroughs/Angry Birds -Mighty Hoax- Walkthrough_8.flv,20.94,M
Walkthroughs/Angry Birds -Poached Eggs- Walkthrough_10.flv,12.17,M
Walkthroughs/Angry Birds -Poached Eggs- Walkthrough_11.flv,18.51,M
Walkthroughs/Angry Birds -Poached Eggs- Walkthrough_12.flv,8.27,M
Walkthroughs/Angry Birds -Poached Eggs- Walkthrough_2.flv,11.32,M
Walkthroughs/Angry Birds -Poached Eggs- Walkthrough_3.flv,15,M
Walkthroughs/Angry Birds -Poached Eggs- Walkthrough_4.flv,16.28,M
Walkthroughs/Angry Birds -Poached Eggs- Walkthrough_5.flv,11.95,M
Walkthroughs/Angry Birds -Poached Eggs- Walkthrough_6.flv,13.81,M
Walkthroughs/Angry Birds -Poached Eggs- Walkthrough_7.flv,18.63,M
Walkthroughs/Angry Birds -Poached Eggs- Walkthrough_8.flv,11.42,M
Walkthroughs/Angry Birds -Poached Eggs- Walkthrough_9.flv,12.27,M
Walkthroughs/Angry Birds -The Big Setup- Walkthrough.flv,17.59,M
Walkthroughs/Angry Birds -The Big Setup- Walkthrough_2.flv,15.95,M
Walkthroughs/Angry Birds -The Big Setup- Walkthrough_3.flv,21.89,M
Walkthroughs/Angry Birds Seasons- -Hogs and Kisses- Walkthrough.flv,1.67,M
Walkthroughs/Angry Birds- -Danger Above- Walkthrough 6 1-5.flv,14.39,M
Walkthroughs/Angry Birds- -Danger Above- Walkthrough.flv,14.39,M
Walkthroughs/Angry Birds- -Danger Above- Walkthrough_10.flv,15.5,M
Walkthroughs/Angry Birds- -Danger Above- Walkthrough_11.flv,12.94,M
Walkthroughs/Angry Birds- -Danger Above- Walkthrough_12.flv,13.07,M
Walkthroughs/Angry Birds- -Danger Above- Walkthrough_13.flv,15.52,M
Walkthroughs/Angry Birds- -Danger Above- Walkthrough_14.flv,18.02,M
Walkthroughs/Angry Birds- -Danger Above- Walkthrough_15.flv,25.29,M
Walkthroughs/Angry Birds- -Danger Above- Walkthrough_16.flv,23.53,M
Walkthroughs/Angry Birds- -Danger Above- Walkthrough_2.flv,13.62,M
Walkthroughs/Angry Birds- -Danger Above- Walkthrough_3.flv,15.5,M
Walkthroughs/Angry Birds- -Danger Above- Walkthrough_4.flv,12.94,M
Walkthroughs/Angry Birds- -Danger Above- Walkthrough_5.flv,15.52,M
Walkthroughs/Angry Birds- -Danger Above- Walkthrough_6.flv,18.02,M
Walkthroughs/Angry Birds- -Danger Above- Walkthrough_7.flv,25.29,M
Walkthroughs/Angry Birds- -Danger Above- Walkthrough_8.flv,23.53,M
Walkthroughs/Angry Birds- -Danger Above- Walkthrough_9.flv,13.62,M
Walkthroughs/Angry Birds- -Ham _Em High- Walkthrough.flv,1.32,M
Walkthroughs/Angry Birds- -Ham _Em High- Walkthrough_10.flv,2.15,M
Walkthroughs/Angry Birds- -Ham _Em High- Walkthrough_11.flv,1.94,M
Walkthroughs/Angry Birds- -Ham _Em High- Walkthrough_12.flv,2.49,M
Walkthroughs/Angry Birds- -Ham _Em High- Walkthrough_13.flv,2.33,M
Walkthroughs/Angry Birds- -Ham _Em High- Walkthrough_14.flv,2,M
Walkthroughs/Angry Birds- -Ham _Em High- Walkthrough_15.flv,2.95,M
Walkthroughs/Angry Birds- -Ham _Em High- Walkthrough_2.flv,1.72,M
Walkthroughs/Angry Birds- -Ham _Em High- Walkthrough_3.flv,1013.49,K
Walkthroughs/Angry Birds- -Ham _Em High- Walkthrough_4.flv,1.28,M
Walkthroughs/Angry Birds- -Ham _Em High- Walkthrough_5.flv,1.59,M
Walkthroughs/Angry Birds- -Ham _Em High- Walkthrough_6.flv,1.42,M
Walkthroughs/Angry Birds- -Ham _Em High- Walkthrough_7.flv,1.69,M
Walkthroughs/Angry Birds- -Ham _Em High- Walkthrough_8.flv,1.72,M
Walkthroughs/Angry Birds- -Ham _Em High- Walkthrough_9.flv,2.51,M
Walkthroughs/YouTube - Angry Birds (Level 5-21) 3 Stars.flv,1.96,M
Walkthroughs/YouTube - Angry Birds 3 star walkthrough for theme 10 levels 1-5.flv,16.04,M
Walkthroughs/YouTube - Angry Birds 3 star walkthrough for theme 10 levels 11-15.flv,14.95,M
Walkthroughs/YouTube - Angry Birds 3 star walkthrough for theme 10 levels 6-10.flv,15.52,M
Walkthroughs/YouTube - Angry Birds 3 star walkthrough for theme 9 levels 1-5.flv,8.26,M
Walkthroughs/YouTube - Angry Birds 3 star walkthrough for theme 9 levels 11-15.flv,16.18,M
Walkthroughs/YouTube - Angry Birds 3 star walkthrough for theme 9 levels 6-10.flv,16.13,M
Angry Birds complete Walkthrough [windows] [MAC OS X].torrent,22.46,K
Angry Birds Windows and MacOSX.rar,71.75,M
Torrent downloaded from Demonoid.me.txt,46,B
