Filename,Size,Unit
MARCA1115.pdf,4,M
