Title,Type,Files,Size,IMDB,Spoken Languages,Texted Languages,Tags,Quality (+),Quality (-),Uploaded,By,User Type,Seeders,Leechers,Info Hash,Picture,Capture Date
30 Hot and Sexy Celebrity and Girls Wallpapers ,503,4,8.92 MiB (9354918 Bytes),,,,"""ultimate"",""naked"",""nude"",""topless"",""strip"",""college"",""babes"",""housewife"",""bhabhi"",""aunty"",""bra"",""panty"",""lingerie"",""swimwear"",""boobs"",""tits"",""ass"",""pussy"",""hairy"",""vagina"",""amateur"",""horny"",""public"",""strip"",""celebrity""",0,0,2011-08-27T19:39:31Z,vantank,,0,1,C8801CCF338C750AC98111C7C9D5A9DBA5102330,,2012-06-13T05:28:32Z
