Title,Type,Files,Size,IMDB,Spoken Languages,Texted Languages,Tags,Quality (+),Quality (-),Uploaded,By,User Type,Seeders,Leechers,Info Hash,Picture,Capture Date
Amazing Set of California HD Wallpaper (Set - 4) ~~~AbhinavRocks,603,27,9.55 MiB (10010259 Bytes),,,,,1,0,2011-09-13T23:05:49Z,AbhiSoni,,2,0,01621F5BEEAB0D36CF11F762CF4A48E1E4D02318,,2012-06-12T06:30:08Z
