Title,Type,Files,Size,IMDB,Spoken Languages,Texted Languages,Tags,Quality (+),Quality (-),Uploaded,By,User Type,Seeders,Leechers,Info Hash,Picture,Capture Date
FSX Aerosoft German Airports 2 - 2012,401,1,280.69 MiB (294319800 Bytes),,,,"""FSX"",""AerosoftGermanAirports2""",2,0,2011-12-11T15:57:12Z,mickyfinnny,,7,2,F8B4711ED5024F969786B9E79A70A22E2311EB2C,,2012-05-15T08:11:29Z
