Filename,Size,Unit
Scooby.Doo.The.Mystery.Begins.2009.DVDRip.XviD.SWESUB- rock_the-man.avi,703.91,M
