Filename,Size,Unit
OE (208).jpg,2.08,M
OE (213).jpg,1.94,M
OE (12).jpg,1.63,M
OE (105).JPG,1.43,M
OE (126).jpg,1.4,M
OE (175).jpg,1.38,M
OE (102).JPG,1.32,M
OE (214).jpg,1.3,M
OE (46).jpg,1.21,M
OE (196).jpg,1.19,M
OE (100).JPG,1.16,M
OE (183).jpg,1.08,M
OE (31).jpg,1.08,M
OE (328).jpg,1.06,M
OE (124).jpg,1.02,M
OE (123).jpg,1.01,M
OE (35).jpg,1018.53,K
OE (179).jpg,1016.34,K
OE (194).jpg,1001.59,K
OE (128).jpg,979.37,K
OE (197).jpg,966.61,K
OE (195).jpg,918.7,K
OE (68).jpg,902.38,K
OE (270).jpg,891.31,K
OE (104).JPG,890.71,K
OE (23).jpg,890.67,K
OE (89).jpg,890.31,K
OE (75).jpg,885.88,K
OE (262).jpg,877.58,K
OE (17).jpg,869.89,K
OE (95).jpg,849.39,K
OE (259).jpg,837.45,K
OE (188).jpg,835.35,K
OE (15).jpg,823.11,K
OE (154).jpg,806.43,K
OE (238).jpg,804.92,K
OE (91).jpg,802.95,K
OE (267).jpg,786.53,K
OE (33).jpg,783.8,K
OE (70).jpg,774.44,K
OE (82).jpg,769.52,K
OE (76).jpg,768.27,K
OE (57).jpg,746.38,K
OE (269).jpg,743.94,K
OE (300).jpg,729.28,K
OE (66).jpg,727,K
OE (92).jpg,721.25,K
OE (342).jpg,715.76,K
OE (50).jpg,712.58,K
OE (138).jpg,703.93,K
OE (201).jpg,699.19,K
OE (287).jpg,695.43,K
OE (220).jpg,694.84,K
OE (285).jpg,689.5,K
OE (186).jpg,676.31,K
OE (60).jpg,673.73,K
OE (329).jpg,668.62,K
OE (63).jpg,662.3,K
OE (272).jpg,660.43,K
OE (222).jpg,652.82,K
OE (176).jpg,651.45,K
OE (93).jpg,646.46,K
OE (90).jpg,642.73,K
OE (273).jpg,641.14,K
OE (130).jpg,633.58,K
OE (170).jpg,633.43,K
OE (38).jpg,628.56,K
OE (62).jpg,624.93,K
OE (51).jpg,605.12,K
OE (65).jpg,597.67,K
OE (203).jpg,594.51,K
OE (263).jpg,592.92,K
OE (193).jpg,587.35,K
OE (18).jpg,585.56,K
OE (94).jpg,582.16,K
OE (88).jpg,571.94,K
OE (204).jpg,569.34,K
OE (52).jpg,567.36,K
OE (132).jpg,564.16,K
OE (53).jpg,562.77,K
OE (340).jpg,557.64,K
OE (152).jpg,555.03,K
OE (74).jpg,545.38,K
OE (81).jpg,544.75,K
OE (199).jpg,543.83,K
OE (265).jpg,538.54,K
OE (34).jpg,536.08,K
OE (127).jpg,535.62,K
OE (237).jpg,533.93,K
OE (78).jpg,528.74,K
OE (103).jpg,527.41,K
OE (32).jpg,524.36,K
OE (209).jpg,522.1,K
OE (56).jpg,521.63,K
OE (108).jpg,518.67,K
OE (189).jpg,518.5,K
OE (55).jpg,518.41,K
OE (85).jpg,515.45,K
OE (299).jpg,515.09,K
OE (54).jpg,514.88,K
OE (190).jpg,504.43,K
OE (59).jpg,504.03,K
OE (69).jpg,503.58,K
OE (45).jpg,503.55,K
OE (172).jpg,501.85,K
OE (134).jpg,500.5,K
OE (159).jpg,494.69,K
OE (266).jpg,493.53,K
OE (136).jpg,493.27,K
OE (173).jpg,483.74,K
OE (212).jpg,483.57,K
OE (61).jpg,478.72,K
OE (156).jpg,478.41,K
OE (284).jpg,473.16,K
OE (268).jpg,472.59,K
OE (283).jpg,472.5,K
OE (58).jpg,470.61,K
OE (153).jpg,470.1,K
OE (192).jpg,464.8,K
OE (210).jpg,456.4,K
OE (9).jpg,443.28,K
OE (264).jpg,441.83,K
OE (79).jpg,440.86,K
OE (235).jpg,438.09,K
OE (86).jpg,435.31,K
OE (271).jpg,434.25,K
OE (198).jpg,432.96,K
OE (254).jpg,432.52,K
OE (258).jpg,431.66,K
OE (135).jpg,428.82,K
OE (325).jpg,428.24,K
OE (40).jpg,428.13,K
OE (36).jpg,424.21,K
OE (184).jpg,417.34,K
OE (87).jpg,416.92,K
OE (39).jpg,416.49,K
OE (205).jpg,414.46,K
OE (16).jpg,413.64,K
OE (129).jpg,413.17,K
OE (72).jpg,411.53,K
OE (317).jpg,410.89,K
OE (67).jpg,409.88,K
OE (98).jpg,408.44,K
OE (73).jpg,406.98,K
OE (101).jpg,406.71,K
OE (160).jpg,399.82,K
OE (219).jpg,397.15,K
OE (286).jpg,392.03,K
OE (250).jpg,391.17,K
OE (177).jpg,390.37,K
OE (37).jpg,387.7,K
OE (229).jpg,373.91,K
OE (215).jpg,373.57,K
OE (174).jpg,372.61,K
OE (181).jpg,368.03,K
OE (41).jpg,367.48,K
OE (252).jpg,366.53,K
OE (180).jpg,362.8,K
OE (211).jpg,357.91,K
OE (114).jpg,356.24,K
OE (10).jpg,351.75,K
OE (106).JPG,346.02,K
OE (316).jpg,344.71,K
OE (223).jpg,344.54,K
OE (274).jpg,342.83,K
OE (318).jpg,335.5,K
OE (84).jpg,332.07,K
OE (171).jpg,328.41,K
OE (255).jpg,328,K
OE (200).jpg,327.22,K
OE (326).jpg,324.89,K
OE (327).jpg,324.6,K
OE (47).jpg,324.09,K
OE (297).jpg,322.51,K
OE (296).jpg,320.33,K
OE (295).jpg,318.95,K
OE (25).jpg,317.32,K
OE (11).jpg,315.1,K
OE (206).jpg,310.81,K
OE (207).jpg,308.65,K
OE (96).jpg,308.58,K
OE (341).jpg,306.41,K
OE (221).jpg,304.09,K
OE (8).jpg,300.1,K
OE (7).jpg,298.64,K
OE (202).jpg,297.69,K
OE (44).jpg,293.02,K
OE (234).jpg,290.29,K
OE (230).jpg,288.15,K
OE (1).jpg,283.44,K
OE (3).jpg,282.63,K
OE (80).jpg,279.62,K
OE (131).jpg,277.82,K
OE (43).jpg,276.48,K
OE (112).jpg,275.17,K
OE (99).jpg,272.74,K
OE (49).jpg,270.07,K
OE (182).jpg,269.47,K
OE (298).jpg,269.37,K
OE (187).jpg,267.84,K
OE (243).jpg,266.15,K
OE (151).jpg,264.15,K
OE (320).jpg,261.95,K
OE (319).jpg,261.55,K
OE (64).jpg,260.98,K
OE (83).jpg,257.86,K
OE (77).jpg,255.44,K
OE (71).jpg,254.73,K
OE (246).jpg,252.76,K
OE (162).jpg,252.21,K
OE (150).jpg,251.7,K
OE (228).jpg,249.32,K
OE (30).jpg,249.26,K
OE (324).jpg,248.78,K
OE (322).jpg,242.38,K
OE (321).jpg,242,K
OE (323).jpg,241.71,K
OE (144).jpg,239.23,K
OE (141).jpg,239.21,K
OE (289).jpg,239.01,K
OE (147).jpg,237.19,K
OE (288).jpg,236.99,K
OE (218).jpg,236.94,K
OE (178).jpg,236.37,K
OE (125).jpg,234.78,K
OE (191).jpg,231.03,K
OE (26).jpg,230.17,K
OE (248).jpg,228.1,K
OE (149).jpg,225.96,K
OE (242).jpg,225.59,K
OE (119).jpg,223.49,K
OE (19).jpg,222.06,K
OE (1).jpeg,217,K
OE (4).jpg,216.12,K
OE (233).jpg,215.9,K
OE (307).jpg,214.62,K
OE (304).jpg,212.33,K
OE (303).jpg,212.15,K
OE (305).jpg,211.52,K
OE (302).jpg,210.94,K
OE (260).jpg,209.41,K
OE (163).jpg,209,K
OE (301).jpg,208.67,K
OE (306).jpg,207.24,K
OE (308).jpg,207.12,K
OE (224).jpg,204.32,K
OE (6).jpg,204.13,K
OE (245).jpg,202.37,K
OE (5).jpg,202.37,K
OE (158).jpg,200.39,K
OE (143).jpg,200.35,K
OE (278).jpg,200,K
OE (281).jpg,199.68,K
OE (277).jpg,198.88,K
OE (280).jpg,198.19,K
OE (279).jpg,198.11,K
OE (282).jpg,197.84,K
OE (241).jpg,196.7,K
OE (42).jpg,195.13,K
OE (276).jpg,193.98,K
OE (21).jpg,192.79,K
OE (2).jpg,188.83,K
OE (236).jpg,187.7,K
OE (261).jpg,186.34,K
OE (97).jpg,185.45,K
OE (240).jpg,184.63,K
OE (155).jpg,184.11,K
OE (292).jpg,183.47,K
OE (290).jpg,181.99,K
OE (291).jpg,180.73,K
OE (293).jpg,177.99,K
OE (133).jpg,176.88,K
OE (164).jpg,176.69,K
OE (294).jpg,176.55,K
OE (225).jpg,175.87,K
OE (120).jpg,173.41,K
OE (20).jpg,171.79,K
OE (244).jpg,170.61,K
OE (216).jpg,170.17,K
OE (13).jpg,169.7,K
OE (22).jpg,169.35,K
OE (256).jpg,167.9,K
OE (185).jpg,166.42,K
OE (117).jpg,163.72,K
OE (14).jpg,161.35,K
OE (145).jpg,160.85,K
OE (28).jpg,160.19,K
OE (27).jpg,160.14,K
OE (29).jpg,159.59,K
OE (227).jpg,152.12,K
OE (140).jpg,151.63,K
OE (161).jpg,151,K
OE (139).jpg,150.99,K
OE (313).jpg,148.9,K
OE (314).jpg,147.91,K
OE (310).jpg,146.67,K
OE (311).jpg,146.11,K
OE (312).jpg,145.69,K
OE (315).jpg,145.49,K
OE (309).jpg,145.48,K
OE (251).jpg,143.96,K
OE (275).jpg,142.23,K
OE (137).jpg,136.85,K
OE (343).jpg,136.35,K
OE (232).jpg,129.59,K
OE (110).jpg,126.19,K
OE (109).jpg,122.59,K
OE (249).jpg,122.51,K
OE (122).jpg,122.44,K
OE (333).jpg,122.36,K
OE (334).jpg,121.56,K
OE (330).jpg,121.29,K
OE (121).jpg,120.66,K
OE (2).jpeg,120.14,K
OE (118).jpg,119.64,K
OE (111).jpg,117.05,K
OE (335).jpg,116.75,K
OE (107).jpg,115.95,K
OE (165).jpg,115.26,K
OE (167).jpg,114.07,K
OE (24).jpg,113.89,K
OE (253).jpg,112.35,K
OE (336).jpg,112.01,K
OE (257).jpg,111.3,K
OE (146).jpg,110.82,K
OE (226).jpg,110.66,K
OE (339).jpg,109.46,K
OE (332).jpg,107.96,K
OE (338).jpg,107.88,K
OE (168).jpg,107.43,K
OE (331).jpg,107.4,K
OE (142).jpg,105.33,K
OE (337).jpg,105.08,K
OE (239).jpg,103.76,K
OE (247).jpg,101.51,K
OE (113).jpg,101.36,K
OE (169).jpg,100.87,K
OE (48).jpg,99.98,K
OE (116).jpg,98.67,K
OE (148).jpg,98.17,K
OE (157).jpg,96.71,K
OE (166).jpg,95.49,K
OE (115).jpg,89.76,K
OE (231).jpg,82.16,K
OE (217).jpg,60.8,K
Read Me.txt,221,B
Torrent downloaded from Demonoid.me.txt,46,B
