Filename,Size,Unit
01 Rising Sun Flag.mp3,7.27,M
02 What We Protect.mp3,7.9,M
03 Bite Your Master.mp3,10.37,M
04 Capital Punishment.mp3,9.29,M
05 Werwolf.mp3,6.75,M
06 Lightning Strikes.mp3,6.22,M
07 Neck Hanging.mp3,7.75,M
08 Firm Spirit.mp3,6.31,M
09 Fire.mp3,10.03,M
10 Fight And Win!.mp3,5.14,M
11 Working Army.mp3,5.37,M
12 Victory.mp3,3.7,M
13 A Way Of Life.mp3,5.45,M
14 Pride Of The Island Country.mp3,5.58,M
15 Stop It.mp3,5.27,M
16 Victory Song.mp3,9.95,M
