Title,Type,Files,Size,IMDB,Spoken Languages,Texted Languages,Tags,Quality (+),Quality (-),Uploaded,By,User Type,Seeders,Leechers,Info Hash,Picture,Capture Date
Make Money Using Torrent Sites Xvid [Audio],102,10,8.18 MiB (8580849 Bytes),,English,,,0,0,2011-01-26T02:51:54Z,Anonymous,,2,1,BA42059AD4DC30F93B36AB36774CC5628F415ACF,,2012-06-28T20:05:11Z
