Filename,Size,Unit
Adult_Supervision_Required_Scene_2_fh.mp4,248.53,M
