Filename,Size,Unit
DOG_SOLDIERS.avi,699.94,M
