Filename,Size,Unit
"DMT NFO, Read before Playing.txt",1.54,K
dmt4.png,78.32,K
"NCIS. Seizoen 9, Afl 07 (xvid), NL Subs. DMT.avi",343.82,M
Torrent downloaded from Demonoid.me.txt,46,B
