Filename,Size,Unit
Basil el raton superdetective.avi,688.17,M
