Filename,Size,Unit
bang.goes.the.theory.s04e04.ws.pdtv.xvid-c4tv.avi,232.83,M
bang.goes.the.theory.s04e04.ws.pdtv.xvid-c4tv.nfo,3.1,K
Read This Guide First.txt,513,B
Sample/sample-bang.goes.the.theory.s04e04.ws.pdtv.xvid-c4tv.avi,7,M
www.Torrentday.com.txt,513,B
