Filename,Size,Unit
ROX_DVD_1.ISO,4.36,G
