Filename,Size,Unit
Harry Potter And The Deathly Hallows Part 2.avi,1.38,G
