Filename,Size,Unit
Bereavement.2010.BRRip.Xvid.AC3-SiC.avi,1.3,G
Bereavement.2010.BRRip.Xvid.AC3-SiC.nfo,6.81,K
Bereavement.2010.BRRip.Xvid.AC3-SiC.Sample.avi,12.69,M
READ this before playing the Movie.txt,509,B
www.Torrenting.com.txt,509,B
