Title,Type,Files,Size,IMDB,Spoken Languages,Texted Languages,Tags,Quality (+),Quality (-),Uploaded,By,User Type,Seeders,Leechers,Info Hash,Picture,Capture Date
Monte Carlo (2011).x264.LordPhoenix.avi.B-BRG,201,3,1.02 GiB (1091748978 Bytes),,,,,0,0,2011-08-07T22:25:33Z,TvTeam,[V],20,0,9DE18BCF2C9FBA8245E5096A1EDB886CD4450395,,2012-06-14T06:25:56Z
