Title,Type,Files,Size,IMDB,Spoken Languages,Texted Languages,Tags,Quality (+),Quality (-),Uploaded,By,User Type,Seeders,Leechers,Info Hash,Picture,Capture Date
Twas.The.Night.Before.Easter.2010.DVDRip.XViD-SPRiNTER,201,7,572.82 MiB (600641917 Bytes),,,,,0,0,2011-03-06T08:36:51Z,TvTeam,[V],2,0,E4530F6CEFD889E841781D6D13803E44AB90F55F,,2012-06-26T11:02:25Z
