Filename,Size,Unit
extract/mark_pledger_-_anjunabeats_worldwide_218-di.fm-net-2011-03-20-pm.mp3,219.52,M
