Title,Type,Files,Size,IMDB,Spoken Languages,Texted Languages,Tags,Quality (+),Quality (-),Uploaded,By,User Type,Seeders,Leechers,Info Hash,Picture,Capture Date
By.Appointment.Only.10.XXX.DVDRip.XviD-XCiTE,501,1,700.4 MiB (734420992 Bytes),,,,,0,0,2011-11-07T12:53:02Z,exmnova,[T],0,1,559E19A01CFB5B554BA3A733A416F10CA9C4D9C4,,2012-05-19T11:56:48Z
