Filename,Size,Unit
07 - Corievreckan.flac,43.07,M
04 - Anam Cara ï¼ Ships in the Night.flac,37.73,M
02 - Late Nights at the Central.flac,31.58,M
01 - Freefalling.flac,30.52,M
10 - Baltimore Beginners.flac,27.03,M
11 - The Jolly Angler.flac,26.09,M
03 - Mackeral and Tatties.flac,24.52,M
09 - Waterbound.flac,23.95,M
08 - Pontivity.flac,22.6,M
06 - Stone of Destiny.flac,22.29,M
05 - Mickey's Reels.flac,21.29,M
12 - Tunin Dre.flac,18.95,M
Aurora.log,10.79,K
Aurora.cue,1.86,K
Torrent downloaded from Demonoid.me.txt,46,B
