User Type,Username,Date,Text
,GregBrooks,2011-03-19T23:48Z,Thanks
[T],rjordan21,2011-03-20T02:24Z,Your welcome...
,wetWeasel,2011-03-20T10:03Z,Wow! thanks for these and all the other great music torrents.
,vessel29,2011-03-24T21:17Z,Thanks for A Night At The Opera and Day At The Races. I can't get A Day At The Races to download but thanks for the music.
[T],rjordan21,2011-03-24T22:26Z,"^^^^ You're welcome.  Sorry you're having trouble but I just checked and this torrent is well seeded and working fine.

?"
,snipey101,2011-06-28T04:16Z,"any possibility of uploading the 2nd wave? (News of the World, Jazz, The Game, etc.)?"
,maccafan076,2011-08-04T02:43Z,Thanks for sharing 
