Filename,Size,Unit
Mythos.zip,1.43,G
