Title,Type,Files,Size,IMDB,Spoken Languages,Texted Languages,Tags,Quality (+),Quality (-),Uploaded,By,User Type,Seeders,Leechers,Info Hash,Picture,Capture Date
Scott.Pilgrim.vs.le.monde(FRENCH) mp4,206,1,666.6 MiB (698983047 Bytes),,,,"""(scott) (pilgrim)(french)(mp4)""",0,0,2011-07-04T12:10:22Z,hardyarrarr,,2,0,6AB2138F1290ED3CFC3E930C957CDBB124168A63,,2012-06-17T06:02:29Z
