Title,Type,Files,Size,IMDB,Spoken Languages,Texted Languages,Tags,Quality (+),Quality (-),Uploaded,By,User Type,Seeders,Leechers,Info Hash,Picture,Capture Date
Red.Planet.2000.720p.BluRay.x264-NODLABS,207,1,5.92 GiB (6359083144 Bytes),http://www.imdb.com/title/tt0199753/,English,English,,0,0,2011-07-23T17:53:40Z,DownTYU,[V],2,1,E98F32ED84E94520A2629EF43145ACDC9ED58102,http://image.bayimg.com/cajgfaade.jpg,2012-06-15T00:25:32Z
