Filename,Size,Unit
Animales al limite 2.Supervivencia y superacion.trap.avi,786.74,M
