Filename,Size,Unit
Read this before playing this Video.txt,195,B
Sample/sample-the.league.s03e11.hdtv.xvid-p0w4.avi,5.4,M
the.league.s03e11.hdtv.xvid-p0w4.nfo,9.58,K
the.league.s03e11.hdtv.xvid-p0w4.r00,14.31,M
the.league.s03e11.hdtv.xvid-p0w4.r01,14.31,M
the.league.s03e11.hdtv.xvid-p0w4.r02,14.31,M
the.league.s03e11.hdtv.xvid-p0w4.r03,14.31,M
the.league.s03e11.hdtv.xvid-p0w4.r04,14.31,M
the.league.s03e11.hdtv.xvid-p0w4.r05,14.31,M
the.league.s03e11.hdtv.xvid-p0w4.r06,14.31,M
the.league.s03e11.hdtv.xvid-p0w4.r07,14.31,M
the.league.s03e11.hdtv.xvid-p0w4.r08,14.31,M
the.league.s03e11.hdtv.xvid-p0w4.r09,14.31,M
the.league.s03e11.hdtv.xvid-p0w4.r10,14.31,M
the.league.s03e11.hdtv.xvid-p0w4.r11,2.73,M
the.league.s03e11.hdtv.xvid-p0w4.rar,14.31,M
the.league.s03e11.hdtv.xvid-p0w4.sfv,611,B
Torrent have been downloaded from Scenetime.com.txt,195,B
