Title,Type,Files,Size,IMDB,Spoken Languages,Texted Languages,Tags,Quality (+),Quality (-),Uploaded,By,User Type,Seeders,Leechers,Info Hash,Picture,Capture Date
No.Reservations.2007.WS.DVDRip.XViD.iNT-EwDp,201,5,710.67 MiB (745191767 Bytes),,,,,1,0,2011-05-31T19:27:12Z,.BONE.,[V],14,3,68709E8BDFB1726932EEC492AE5EA98F5C394D61,,2012-06-19T04:50:44Z
