Title,Type,Files,Size,IMDB,Spoken Languages,Texted Languages,Tags,Quality (+),Quality (-),Uploaded,By,User Type,Seeders,Leechers,Info Hash,Picture,Capture Date
Comedy.Rocks.With.Jason.Manford.S01E05.HDTV.XviD-FTP,205,29,349.85 MiB (366844929 Bytes),,,,,0,0,2011-02-12T02:11:33Z,scenebalance,[V],0,0,8C6D8A0EB75D78398844771C6016D59006DABE4A,,2012-06-27T23:31:03Z
