Filename,Size,Unit
images/c8433_105_jpg.jpg,1.38,M
images/c8433_008_jpg.jpg,1.37,M
images/c8433_104_jpg.jpg,1.35,M
images/c8433_095_jpg.jpg,1.35,M
images/c8433_112_jpg.jpg,1.33,M
images/c8433_025_jpg.jpg,1.33,M
images/c8433_092_jpg.jpg,1.33,M
images/c8433_091_jpg.jpg,1.33,M
images/c8433_029_jpg.jpg,1.32,M
images/c8433_090_jpg.jpg,1.32,M
images/c8433_026_jpg.jpg,1.32,M
images/c8433_009_jpg.jpg,1.31,M
images/c8433_027_jpg.jpg,1.31,M
images/c8433_103_jpg.jpg,1.31,M
images/c8433_023_jpg.jpg,1.3,M
images/c8433_024_jpg.jpg,1.29,M
images/c8433_114_jpg.jpg,1.29,M
images/c8433_141_jpg.jpg,1.28,M
images/c8433_113_jpg.jpg,1.28,M
images/c8433_102_jpg.jpg,1.28,M
images/c8433_035_jpg.jpg,1.28,M
images/c8433_019_jpg.jpg,1.28,M
images/c8433_028_jpg.jpg,1.27,M
images/c8433_143_jpg.jpg,1.27,M
images/c8433_142_jpg.jpg,1.27,M
images/c8433_031_jpg.jpg,1.27,M
images/c8433_016_jpg.jpg,1.26,M
images/c8433_110_jpg.jpg,1.26,M
images/c8433_034_jpg.jpg,1.26,M
images/c8433_020_jpg.jpg,1.26,M
images/c8433_017_jpg.jpg,1.26,M
images/c8433_021_jpg.jpg,1.26,M
images/c8433_032_jpg.jpg,1.26,M
images/c8433_100_jpg.jpg,1.25,M
images/c8433_030_jpg.jpg,1.25,M
images/c8433_140_jpg.jpg,1.25,M
images/c8433_022_jpg.jpg,1.25,M
images/c8433_111_jpg.jpg,1.25,M
images/c8433_018_jpg.jpg,1.24,M
images/c8433_115_jpg.jpg,1.24,M
images/c8433_033_jpg.jpg,1.24,M
images/c8433_010_jpg.jpg,1.23,M
images/c8433_014_jpg.jpg,1.22,M
images/c8433_094_jpg.jpg,1.22,M
images/c8433_093_jpg.jpg,1.22,M
images/c8433_012_jpg.jpg,1.22,M
images/c8433_101_jpg.jpg,1.21,M
images/c8433_157_jpg.jpg,1.21,M
images/c8433_013_jpg.jpg,1.21,M
images/c8433_011_jpg.jpg,1.2,M
images/c8433_144_jpg.jpg,1.2,M
images/c8433_155_jpg.jpg,1.2,M
images/c8433_145_jpg.jpg,1.2,M
images/c8433_015_jpg.jpg,1.2,M
images/c8433_130_jpg.jpg,1.19,M
images/c8433_156_jpg.jpg,1.19,M
images/c8433_154_jpg.jpg,1.19,M
images/c8433_129_jpg.jpg,1.18,M
images/c8433_007_jpg.jpg,1.18,M
images/c8433_116_jpg.jpg,1.17,M
images/c8433_167_jpg.jpg,1.16,M
images/c8433_131_jpg.jpg,1.16,M
images/c8433_006_jpg.jpg,1.16,M
images/c8433_117_jpg.jpg,1.13,M
images/c8433_119_jpg.jpg,1.13,M
images/c8433_133_jpg.jpg,1.12,M
images/c8433_043_jpg.jpg,1.12,M
images/c8433_128_jpg.jpg,1.12,M
images/c8433_050_jpg.jpg,1.12,M
images/c8433_049_jpg.jpg,1.12,M
images/c8433_132_jpg.jpg,1.11,M
images/c8433_044_jpg.jpg,1.11,M
images/c8433_054_jpg.jpg,1.1,M
images/c8433_048_jpg.jpg,1.1,M
images/c8433_003_jpg.jpg,1.1,M
images/c8433_046_jpg.jpg,1.1,M
images/c8433_004_jpg.jpg,1.1,M
images/c8433_121_jpg.jpg,1.1,M
images/c8433_159_jpg.jpg,1.09,M
images/c8433_047_jpg.jpg,1.09,M
images/c8433_097_jpg.jpg,1.09,M
images/c8433_160_jpg.jpg,1.09,M
images/c8433_056_jpg.jpg,1.09,M
images/c8433_002_jpg.jpg,1.09,M
images/c8433_070_jpg.jpg,1.09,M
images/c8433_096_jpg.jpg,1.09,M
images/c8433_125_jpg.jpg,1.09,M
images/c8433_136_jpg.jpg,1.08,M
images/c8433_118_jpg.jpg,1.08,M
images/c8433_098_jpg.jpg,1.08,M
images/c8433_063_jpg.jpg,1.08,M
images/c8433_109_jpg.jpg,1.08,M
images/c8433_124_jpg.jpg,1.08,M
images/c8433_127_jpg.jpg,1.08,M
images/c8433_055_jpg.jpg,1.08,M
images/c8433_005_jpg.jpg,1.08,M
images/c8433_107_jpg.jpg,1.08,M
images/c8433_161_jpg.jpg,1.08,M
images/c8433_062_jpg.jpg,1.07,M
images/c8433_158_jpg.jpg,1.07,M
images/c8433_066_jpg.jpg,1.07,M
images/c8433_083_jpg.jpg,1.07,M
images/c8433_150_jpg.jpg,1.07,M
images/c8433_162_jpg.jpg,1.07,M
images/c8433_001_jpg.jpg,1.06,M
images/c8433_068_jpg.jpg,1.06,M
images/c8433_122_jpg.jpg,1.06,M
images/c8433_135_jpg.jpg,1.06,M
images/c8433_065_jpg.jpg,1.06,M
images/c8433_139_jpg.jpg,1.05,M
images/c8433_123_jpg.jpg,1.05,M
images/c8433_061_jpg.jpg,1.05,M
images/c8433_106_jpg.jpg,1.05,M
images/c8433_060_jpg.jpg,1.05,M
images/c8433_042_jpg.jpg,1.05,M
images/c8433_108_jpg.jpg,1.05,M
images/c8433_120_jpg.jpg,1.05,M
images/c8433_072_jpg.jpg,1.05,M
images/c8433_058_jpg.jpg,1.05,M
images/c8433_045_jpg.jpg,1.05,M
images/c8433_126_jpg.jpg,1.05,M
images/c8433_040_jpg.jpg,1.04,M
images/c8433_038_jpg.jpg,1.04,M
images/c8433_166_jpg.jpg,1.03,M
images/c8433_057_jpg.jpg,1.03,M
images/c8433_051_jpg.jpg,1.03,M
images/c8433_088_jpg.jpg,1.03,M
images/c8433_059_jpg.jpg,1.03,M
images/c8433_087_jpg.jpg,1.03,M
images/c8433_170_jpg.jpg,1.03,M
images/c8433_067_jpg.jpg,1.03,M
images/c8433_165_jpg.jpg,1.03,M
images/c8433_137_jpg.jpg,1.03,M
images/c8433_069_jpg.jpg,1.03,M
images/c8433_176_jpg.jpg,1.02,M
images/c8433_086_jpg.jpg,1.02,M
images/c8433_071_jpg.jpg,1.02,M
images/c8433_089_jpg.jpg,1.02,M
images/c8433_080_jpg.jpg,1.02,M
images/c8433_084_jpg.jpg,1.02,M
images/c8433_138_jpg.jpg,1.02,M
images/c8433_037_jpg.jpg,1.01,M
images/c8433_041_jpg.jpg,1.01,M
images/c8433_039_jpg.jpg,1.01,M
images/c8433_052_jpg.jpg,1.01,M
images/c8433_168_jpg.jpg,1.01,M
images/c8433_064_jpg.jpg,1,M
images/c8433_082_jpg.jpg,1,M
images/c8433_085_jpg.jpg,1,M
images/c8433_171_jpg.jpg,1017.83,K
images/c8433_036_jpg.jpg,1008.24,K
images/c8433_079_jpg.jpg,1003.2,K
images/c8433_075_jpg.jpg,996.44,K
images/c8433_099_jpg.jpg,992.17,K
images/c8433_053_jpg.jpg,991.05,K
images/c8433_169_jpg.jpg,988.03,K
images/c8433_177_jpg.jpg,985.92,K
images/c8433_172_jpg.jpg,985.69,K
images/c8433_081_jpg.jpg,985.26,K
images/c8433_076_jpg.jpg,985.12,K
images/c8433_153_jpg.jpg,984.88,K
images/c8433_134_jpg.jpg,983.61,K
images/c8433_146_jpg.jpg,972.82,K
images/c8433_077_jpg.jpg,972,K
images/c8433_148_jpg.jpg,965.6,K
images/c8433_078_jpg.jpg,965.4,K
images/c8433_173_jpg.jpg,959.36,K
images/c8433_152_jpg.jpg,954.15,K
images/c8433_174_jpg.jpg,954.14,K
images/c8433_073_jpg.jpg,948.47,K
images/c8433_151_jpg.jpg,938.86,K
images/c8433_163_jpg.jpg,925.28,K
images/c8433_074_jpg.jpg,894.11,K
images/c8433_164_jpg.jpg,890.6,K
images/c8433_149_jpg.jpg,890.04,K
images/c8433_147_jpg.jpg,889.68,K
images/c8433_175_jpg.jpg,880.72,K
