Filename,Size,Unit
READ this before playing the Movie.txt,509,B
The Hangover II 2011 TS V2 READNFO LiNE XViD - IMAGiNE SAMPLE.avi,8.7,M
The Hangover II 2011 TS V2 READNFO LiNE XViD - IMAGiNE.avi,1.24,G
The Hangover II 2011 TS V2 READNFO LiNE XViD - IMAGiNE.nfo,6.17,K
www.Torrenting.com.txt,509,B
