Title,Type,Files,Size,IMDB,Spoken Languages,Texted Languages,Tags,Quality (+),Quality (-),Uploaded,By,User Type,Seeders,Leechers,Info Hash,Picture,Capture Date
01-03-11 -  Maria Menounos Amazing Bikini Slips at Beach,603,1,52.47 MiB (55021794 Bytes),,,,"""Maria Menounos"",""Bikini"",""Miami Beach""",0,0,2011-01-04T22:00:54Z,DancingG8,,1,2,90BD15F9AB7BF7DD5D70EAC4ECC12309D10B5112,,2012-06-29T20:53:37Z
