User Type,Username,Date,Text
,Basnagus,2011-08-08T01:37Z,thnx alot zaq2qaz
,xxmohxx,2011-08-22T20:11Z,Your a BAMF man!
,lambofgodman,2011-09-19T02:21Z,Thanks bro. I'm looking forward to theses tunes.
,CREAM623,2011-11-15T04:17Z,"thanks much zaq2qaz!

sick album, very fast download, and clean.

Audio:10
Album:10 especiallay if you'r a Jamey Jasta fan

Cheers!!"
