Filename,Size,Unit
cover/455_front[1].jpg,79.74,K
cover/tracked_by_h33t_com.txt,75.74,K
cover/Torrent downloaded from Demonoid.com.txt,47,B
Shooter 2007 720p BRRip(6CH)[Dual-Audio][Eng-Hindi]-BONIIN.mkv,2.55,G
sample.mkv,35.2,M
BONIIN[BOW].nfo,3.86,K
BONIIN[BOW].txt,3.85,K
JOIN IN FACE BOOK N ORKUT..txt,613,B
