Title,Type,Files,Size,IMDB,Spoken Languages,Texted Languages,Tags,Quality (+),Quality (-),Uploaded,By,User Type,Seeders,Leechers,Info Hash,Picture,Capture Date
Black.Shemale.Idol.The.Audition.2.XXX.DVDRiP-JustDifferent,501,3,1.37 GiB (1466928120 Bytes),,,,"""xxx"",""teen"",""porn"",""nude"",""babe"",""boob""",0,0,2011-04-12T11:33:04Z,hero0000,[T],8,8,546563AED398A011C4A0EC8575FB5A3C7E73F957,,2012-06-22T21:10:50Z
