User Type,Username,Date,Text
,Ainarun,2011-05-20T00:23Z,THx
