User Type,Username,Date,Text
,DyerMaker,2012-05-25T20:52Z,Thanks!!!!!!!!!!!!!!!!!!!!!!!!!!!!!!!!!
