Filename,Size,Unit
Guardian Dragons - The Prophecy - Full PreCracked - Foxy Games.exe,362.66,M
Torrent downloaded from Demonoid.me.txt,46,B
