Filename,Size,Unit
Ip Man - The Legend Is Born [2010] Eng.Sub. CBCS SH@R.mp4.mp4,2.7,G
Ip Man - The Legend Is Born [2010] Eng.Sub. CBCS SH@R.mp4.mp4_snapshot_01.36.44_[2011.05.03_05.47.33].jpg,218.53,K
Ip Man - The Legend Is Born [2010] Eng.Sub. CBCS SH@R.mp4.mp4_snapshot_00.06.52_[2011.05.03_05.45.10].jpg,212.74,K
Ip Man - The Legend Is Born [2010] Eng.Sub. CBCS SH@R.mp4.mp4_snapshot_01.01.24_[2011.05.03_05.46.54].jpg,138.09,K
Ip Man - The Legend Is Born [2010] Eng.Sub. CBCS SH@R.mp4.mp4_snapshot_00.14.37_[2011.05.03_05.45.36].jpg,136.68,K
Ip Man - The Legend Is Born [2010] Eng.Sub. CBCS SH@R.mp4.mp4_snapshot_00.48.46_[2011.05.03_05.46.36].jpg,130.36,K
Ip Man - The Legend Is Born [2010] Eng.Sub. CBCS SH@R.mp4.mp4_snapshot_00.29.01_[2011.05.03_05.45.52].jpg,119.71,K
Yip Man chinchyun.doc,24,K
yip-man-chinchyun-original Cover.jpg,17.87,K
