Filename,Size,Unit
Panty Pissers.wmv,1.71,G
