Title,Type,Files,Size,IMDB,Spoken Languages,Texted Languages,Tags,Quality (+),Quality (-),Uploaded,By,User Type,Seeders,Leechers,Info Hash,Picture,Capture Date
Step Up Collection (All 3 Movies) (2006-2010) DVDrip x264 - Rebo,201,7,1 GiB (1073883548 Bytes),http://www.imdb.com/title/tt1193631/,English,,"""step"",""triology"",""all"",""collection"",""dance"",""gage"",""tyler"",""nora"",""extreme"",""break"",""adam"",""sevanni""",5,0,2011-01-17T20:44:23Z,RebourneD,,18,4,712D2C1D6AC1119B8A2476A42676F447DF5AD07B,,2012-06-29T08:06:33Z
