User Type,Username,Date,Text
,reignoffred,2011-02-12T22:11Z,Great as always M
,Alf-turbo,2011-02-13T02:01Z,"Thxalot :-)
Love the training :-P
Cheers :-)"
,bakaonna,2011-02-13T10:00Z,Thank you for TToO.
,bastiendutemps,2011-02-14T13:07Z,Great Thank !!!
,mssk07,2011-05-03T20:32Z,"You are my absolute favourite since I discovered you here!!!   =D
Looking through your massive list of films feels like looking inside my own soul!!  ;)
Thank you Mercedes!!!"
