Title,Type,Files,Size,IMDB,Spoken Languages,Texted Languages,Tags,Quality (+),Quality (-),Uploaded,By,User Type,Seeders,Leechers,Info Hash,Picture,Capture Date
Misterios del Oceano [DVDRip][Spanish],201,1,793.4 MiB (831940608 Bytes),,Spanish,Spanish,,0,0,2011-07-04T09:23:05Z,virana,[V],0,3,A8780998D73DC21A4ECE6F353E49264C0F04BA4A,http://image.bayimg.com/paieoaadp.jpg,2012-06-17T06:17:15Z
