Filename,Size,Unit
(01) [A State of Trance 500] Intro.mp3,1.21,M
(02) [Giuseppe Ottaviani & Walsh & McAuley feat. Emma Lock] Ready (Maarten de Jong Intro Mix).mp3,8.19,M
(03) [ID] ID.mp3,8.42,M
(04) [ID] ID.mp3,9,M
(05) [ID] ID.mp3,6.2,M
(06) [ID] ID.mp3,7.38,M
(07) [ID] ID.mp3,9.42,M
(08) [ID] ID.mp3,8.57,M
(09) [Giuseppe Ottaviani] Danceology.mp3,6.87,M
(10) [ID] ID.mp3,8.05,M
(11) [Giuseppe Ottaviani feat. Faith] Angel (Vandit Night Mix).mp3,7.55,M
"[Armin van Buuren] A State of Trance Episode 500.4 (2011-04-09) (Live @ Brabanthallen in Den Bosch, The Netherlands) (A State of Yellow - Part 7 - Giuseppe Ottaviani).cue",3.46,K
"[Armin van Buuren] A State of Trance Episode 500.4 (2011-04-09) (Live @ Brabanthallen in Den Bosch, The Netherlands) (A State of Yellow - Part 7 - Giuseppe Ottaviani).m3u",381,B
