Filename,Size,Unit
billy.the.exterminator.s04e09.good.morning.gators.hdtv.xvid-crimson.nfo,8.58,K
billy.the.exterminator.s04e09.good.morning.gators.hdtv.xvid-crimson.r00,14.31,M
billy.the.exterminator.s04e09.good.morning.gators.hdtv.xvid-crimson.r01,14.31,M
billy.the.exterminator.s04e09.good.morning.gators.hdtv.xvid-crimson.r02,14.31,M
billy.the.exterminator.s04e09.good.morning.gators.hdtv.xvid-crimson.r03,14.31,M
billy.the.exterminator.s04e09.good.morning.gators.hdtv.xvid-crimson.r04,14.31,M
billy.the.exterminator.s04e09.good.morning.gators.hdtv.xvid-crimson.r05,14.31,M
billy.the.exterminator.s04e09.good.morning.gators.hdtv.xvid-crimson.r06,14.31,M
billy.the.exterminator.s04e09.good.morning.gators.hdtv.xvid-crimson.r07,14.31,M
billy.the.exterminator.s04e09.good.morning.gators.hdtv.xvid-crimson.r08,14.31,M
billy.the.exterminator.s04e09.good.morning.gators.hdtv.xvid-crimson.r09,14.31,M
billy.the.exterminator.s04e09.good.morning.gators.hdtv.xvid-crimson.r10,14.31,M
billy.the.exterminator.s04e09.good.morning.gators.hdtv.xvid-crimson.r11,1.83,M
billy.the.exterminator.s04e09.good.morning.gators.hdtv.xvid-crimson.rar,14.31,M
billy.the.exterminator.s04e09.good.morning.gators.hdtv.xvid-crimson.sfv,1.04,K
Read this before playing this Video .txt,138,B
torrent downloaded from www.scenetime.com.txt,138,B
