Title,Type,Files,Size,IMDB,Spoken Languages,Texted Languages,Tags,Quality (+),Quality (-),Uploaded,By,User Type,Seeders,Leechers,Info Hash,Picture,Capture Date
Desireless - LExperience Humaine (EP) (2011)[mp3],101,8,47.75 MiB (50065104 Bytes),,,,"""Musica""",0,0,2011-12-13T01:12:42Z,Black1000,[V],2,1,A6F4589F2EE521E17757503D03659EF6482A3A19,http://image.bayimg.com/halpkaadf.jpg,2012-05-15T06:24:58Z
