Title,Type,Files,Size,IMDB,Spoken Languages,Texted Languages,Tags,Quality (+),Quality (-),Uploaded,By,User Type,Seeders,Leechers,Info Hash,Picture,Capture Date
Danni.Charley.Chase.And.Phoenix.Marie.Bathing.Beauties.XXX.porn4,501,2,326.67 MiB (342537326 Bytes),,,,,0,0,2012-01-31T11:31:42Z,pornalized,,2,5,8839178FADE37C779FAB3DEBE25EB746B55F7B54,,2012-05-28T14:33:25Z
