Title,Type,Files,Size,IMDB,Spoken Languages,Texted Languages,Tags,Quality (+),Quality (-),Uploaded,By,User Type,Seeders,Leechers,Info Hash,Picture,Capture Date
HotLegsAndFeet.-.Abbie.Cat.Alexa.Kitty.Cat,501,1,428.81 MiB (449639539 Bytes),,,,,0,0,2011-12-31T19:18:00Z,exmnova,[T],2,0,591440809B81A87074DAAC037B6CD3FB113A1E23,,2012-05-14T07:55:37Z
