Filename,Size,Unit
btas_chanel_preston-sd169.mp4,300.45,M
00_27_24.jpg,44.41,K
btas_chanel_preston-sd169.mp4.jpg,523.97,K
