Filename,Size,Unit
03 Feather.mp3,15.84,M
09 Texada.mp3,13.11,M
12 As You Were.mp3,12.06,M
11 Infinite Ocean.mp3,11.07,M
05 Ghost.mp3,8.85,M
02 Heart Baby.mp3,8.18,M
06 Blackberry.mp3,6.75,M
07 Monsoon.mp3,6.39,M
01 Fly.mp3,5.86,M
10 Seams.mp3,5.64,M
04 Kawaii.mp3,4,M
08 Dark Matters.mp3,2.72,M
Ghost_(The_Devin_Townsend_Project_album)_cover.jpg,98.34,K
