Filename,Size,Unit
60 Amazing Birds Wallpapers 1600 X 1200 [Set 2].rar,15.97,M
Torrent downloaded from Demonoid.me.txt,46,B
