Title,Type,Files,Size,IMDB,Spoken Languages,Texted Languages,Tags,Quality (+),Quality (-),Uploaded,By,User Type,Seeders,Leechers,Info Hash,Picture,Capture Date
National.Geographic.Hunt.for.the.Abominable.Snowman.720p.HDTV.x2,208,28,1.09 GiB (1173341445 Bytes),,,,,1,0,2011-04-05T11:10:59Z,sceneline,[V],0,2,213EB003BA4F37375FD8DA83AC430D45B180FB07,,2012-06-24T13:55:10Z
