Filename,Size,Unit
Elektor #033.rar,30.83,M
