Title,Type,Files,Size,IMDB,Spoken Languages,Texted Languages,Tags,Quality (+),Quality (-),Uploaded,By,User Type,Seeders,Leechers,Info Hash,Picture,Capture Date
plumpersatplay.com - Meena - Sweaty Pettin 1 - 56 pics,503,56,5.36 MiB (5624442 Bytes),,,,,2,1,2011-06-19T05:06:32Z,bestec1234,[V],0,2,121564A944B56384992E80940855F85BEE2BC05C,http://image.bayimg.com/baiapaadl.jpg,2012-06-18T08:56:05Z
