Title,Type,Files,Size,IMDB,Spoken Languages,Texted Languages,Tags,Quality (+),Quality (-),Uploaded,By,User Type,Seeders,Leechers,Info Hash,Picture,Capture Date
Young Teen - Nymphet Sara,506,1,310.55 MiB (325640028 Bytes),,,,"""teen""",0,0,2011-07-21T01:47:21Z,Anonymous,,4,4,2497AF921C4750E7E707C654BFD780A95441652F,,2012-06-15T04:54:26Z
