Title,Type,Files,Size,IMDB,Spoken Languages,Texted Languages,Tags,Quality (+),Quality (-),Uploaded,By,User Type,Seeders,Leechers,Info Hash,Picture,Capture Date
Suruba.No.Sexshop.XXX.DVDRip.XviD,501,1,1.37 GiB (1466871808 Bytes),,,,,0,0,2011-12-19T05:12:41Z,exmnova,[T],5,4,5D49179CD2F450C3535DB803BAD847D04C3FD0F0,,2012-05-14T22:31:34Z
