User Type,Username,Date,Text
,kutjessap,2011-09-07T17:39Z,Bedankt!!!
