Title,Type,Files,Size,IMDB,Spoken Languages,Texted Languages,Tags,Quality (+),Quality (-),Uploaded,By,User Type,Seeders,Leechers,Info Hash,Picture,Capture Date
Marina Bay (Sex with Busty MILF),505,4,1.64 GiB (1759607080 Bytes),,,,,0,0,2012-01-29T12:00:01Z,chkm8te,[V],1,0,29A379422B85EAE688D818B62A025D64B965A668,,2012-05-28T17:41:08Z
