Filename,Size,Unit
Borderline Personality Disorder for Dummies (ISBN - 0470466537).pdf,3.09,M
