Title,Type,Files,Size,IMDB,Spoken Languages,Texted Languages,Tags,Quality (+),Quality (-),Uploaded,By,User Type,Seeders,Leechers,Info Hash,Picture,Capture Date
Honory Couples Having Sex In Beach [ Team MJY ],599,1,45.32 MiB (47525972 Bytes),,,,"""Honory Couples Having Sex In B""",1,0,2011-08-11T22:53:51Z,kadavul,[T],1,1,B4F626D05D015E148AC3825EBDA54DEEB206CA42,,2012-06-13T23:38:15Z
